x;y;pressure;z;time;velocityx;velocityy;accelx;accely
82;424;9924;0;0;0;0;0;0
82;424;12561;0;9,46875;0;0;0;0
82;424;14573;0;10,75;0;0;0;0
82;424;15533;0;20,71875;0;0;0;0
82;424;15945;0;22,21875;0;0;0;0
82;424;16213;0;23,53125;0;0;0;0
82;424;16713;0;33,0625;0;0;0;0
82;424;17473;0;34,59375;0;0;0;0
82;424;18401;0;43,8125;0;0;0;0
81;424;19309;0;45,0625;-0,8;0;-0,64;0
81;424;20081;0;55,09375;0;0;0,07975078;0
81;424;20717;0;56,4375;0;0;0;0
81;424;21241;0;69,15625;0;0;0;0
81;424;21557;0;74;0;0;0;0
81;424;21701;0;75,3125;0;0;0;0
81;424;21709;0;76,4375;0;0;0;0
81;423;21709;0;86,46875;0;-0,09968847;0;-0,009937791
81;423;21657;0;87,6875;0;0;0;0,08179567
81;422;21657;0;97,125;0;-0,105960265;0;-0,011227578
82;420;21801;0;99,65625;0,39506173;-0,79012346;0,15607376;-0,2702867
82;418;22058;0;101;0;-1,4883721;-0,29399943;-0,51962686
82;416;22250;0;110,125;0;-0,21917808;0;0,13908975
82;414;22346;0;111,75;0;-1,2307693;0;-0,62251765
82;413;22430;0;121,5625;0;-0,10191083;0;0,1150429
83;411;22482;0;123,1875;0,61538464;-1,2307693;0,37869823;-0,6946821
83;410;22494;0;124,375;0;-0,84210527;-0,51821864;0,32729602
83;409;22554;0;134,6875;0;-0,096969694;0;0,07225557
83;408;22562;0;135,9375;0;-0,8;0;-0,5624243
83;408;22634;0;145,40625;0;0;0;0,08448845
83;407;22706;0;146,75;0;-0,74418604;0;-0,55381286
83;407;22718;0;156,875;0;0;0;0,07349986
83;406;22726;0;158,5625;0;-0,5925926;0;-0,35116598
83;405;22738;0;160,09375;0;-0,6530612;0;-0,03948971
83;405;22738;0;170,96875;0;0;0;0,060051605
83;404;22734;0;172,34375;0;-0,72727275;0;-0,52892566
83;404;22686;0;182,4375;0;0;0;0,072051786
83;403;22674;0;183,90625;0;-0,68085104;0;-0,46355817
83;403;22626;0;185,03125;0;0;0;0,60520095
83;402;22518;0;194,34375;0;-0,10738255;0;-0,011531012
83;402;22190;0;195,9375;0;0;0;0,067377284
83;401;21533;0;205,53125;0;-0,104234524;0;-0,010864836
83;401;20753;0;206,875;0;0;0;0,07756988
83;401;19885;0;217,96875;0;0;0;0
83;401;18673;0;219,375;0;0;0;0
83;400;17237;0;220,8125;0;-0,6956522;0;-0,48393196
83;400;15305;0;231,375;0;0;0;0,06586056
82;400;12833;0;233,6875;-0,43243244;0;-0,18699782;0
81;400;8240;0;235;-0,7619048;0;-0,25102654;0
79;399;1100;0;236,28125;-1,5609756;-0,7804878;-0,623665;-0,6091612
79;399;0;0;244,84375;0;0;0,18230371;0,091151856
75;399;0;24;246,21875;-2,909091;0;-2,1157026;0
73;398;0;52;250,15625;-0,50793654;-0,25396827;0,609817;-0,06449988
71;397;0;80;253,75;-0,5565217;-0,27826086;-0,013519353;-0,0067596766
68;396;0;108;259,90625;-0,48730963;-0,16243654;0,011242571;0,018814102
66;395;0;164;264,15625;-0,47058824;-0,23529412;0,0039344467;-0,017142959
63;394;0;220;269,90625;-0,5217391;-0,17391305;-0,008895807;0,010674969
62;393;0;248;274,0625;-0,24060151;-0,24060151;0,06764213;-0,016045345
60;392;0;300;279,96875;-0,33862433;-0,16931216;-0,016596455;0,012070154
59;391;0;328;283,78125;-0,26229507;-0,26229507;0,02002079;-0,024388958
58;391;0;357;291,15625;-0,13559322;0;0,017179912;0,035565432
56;390;0;385;293,75;-0,7710843;-0,38554215;-0,2450086;-0,14864276
55;389;0;385;299,84375;-0,16410257;-0,16410257;0,09960726;0,036338802
53;388;0;413;303,96875;-0,4848485;-0,24242425;-0,07775659;-0,018987074
51;387;0;413;310,15625;-0,32323232;-0,16161616;0,026119785;0,013059893
50;386;0;413;313,84375;-0,27118644;-0,27118644;0,014114138;-0,029713973
48;384;0;413;319,96875;-0,3265306;-0,3265306;-0,009035782;-0,009035782
46;383;0;413;324,125;-0,48120302;-0,24060151;-0,037214417;0,02067467
44;382;0;413;330,3125;-0,32323232;-0,16161616;0,025530618;0,012765309
43;381;0;385;333,75;-0,29090908;-0,29090908;0,009403124;-0,037612487
41;379;0;385;339,90625;-0,3248731;-0,3248731;-0,005516996;-0,005516996
39;378;0;357;345,375;-0,36571428;-0,18285714;-0,007468104;0,02596863
37;376;0;328;350,15625;-0,41830066;-0,41830066;-0,010998458;-0,04924309
36;375;0;328;353,84375;-0,27118644;-0,27118644;0,03989538;0,03989538
34;374;0;300;360,125;-0,31840795;-0,15920398;-0,007517853;0,017828055
32;373;0;272;363,78125;-0,5470086;-0,2735043;-0,062523246;-0,031261623
31;372;0;248;367,71875;-0,25396827;-0,25396827;0,07442293;0,0049615283
29;370;0;220;374,21875;-0,30769232;-0,30769232;-0,008265238;-0,008265238
28;370;0;220;377,65625;-0,29090908;0;0,004882396;0,08951049
27;369;0;192;383,6875;-0,1658031;-0,1658031;0,02074296;-0,02749067
25;368;0;164;387,8125;-0,4848485;-0,24242425;-0,077344336;-0,018574823
24;367;0;136;394,0625;-0,16;-0,16;0,05197576;0,013187881
23;366;0;136;398;-0,25396827;-0,25396827;-0,023864958;-0,023864958
22;366;0;136;403,96875;-0,16753927;0;0,014480251;0,04254966
21;366;0;136;407,71875;-0,26666668;0;-0,026433976;0
20;365;0;136;414;-0,15920398;-0,15920398;0,01710849;-0,025345907
19;365;0;136;417,96875;-0,2519685;0;-0,02337374;0,040114388
19;365;0;136;424,03125;0;0;0,041561816;0
18;365;0;164;427,875;-0,2601626;0;-0,067684576;0
17;365;0;164;434,09375;-0,16080402;0;0,015977258;0
16;365;0;164;437,65625;-0,28070176;0;-0,033655506;0
15;365;0;164;443,96875;-0,15841584;0;0,019372027;0
14;365;0;164;447,6875;-0,26890758;0;-0,029712064;0
13;365;0;164;454;-0,15841584;0;0,017503642;0
13;365;0;136;457,6875;0;0;0,042960227;0
12;365;0;136;463,875;-0,16161616;0;-0,026119784;0
12;365;0;108;467,84375;0;0;0,040722184;0
12;365;0;108;474,03125;0;0;0;0
12;365;0;80;477,625;0;0;0;0
12;365;0;24;484,03125;0;0;0;0
12;364;0;0;487,5625;0;-0,28318584;0;-0,08019422
13;364;0;0;494,65625;0,14096916;0;0,019872304;0,03992047
14;364;0;0;497,5625;0,34408602;0;0,06988967;0
14;364;0;0;503,96875;0;0;-0,05371099;0
14;364;0;0;507,53125;0;0;0;0
14;364;13717;0;514,15625;0;0;0;0
14;364;15385;0;523,53125;0;0;0;0
14;364;15861;0;524,8125;0;0;0;0
14;364;15861;0;535,78125;0;0;0;0
14;364;15737;0;537,28125;0;0;0;0
14;364;15321;0;538,46875;0;0;0;0
14;364;14969;0;548,3125;0;0;0;0
14;364;14969;0;550,28125;0;0;0;0
14;364;15069;0;559,8125;0;0;0;0
14;364;15449;0;561,21875;0;0;0;0
14;364;16001;0;576,875;0;0;0;0
13;365;16557;0;578,15625;-0,7804878;0,7804878;-0,6091612;0,6091612
13;365;17053;0;579,34375;0;0;0,65725285;-0,65725285
13;365;17477;0;580,625;0;0;0;0
13;365;17813;0;590,0625;0;0;0;0
13;365;18109;0;591,3125;0;0;0;0
13;365;18429;0;601,78125;0;0;0;0
13;365;18797;0;603,21875;0;0;0;0
13;365;19241;0;604,4375;0;0;0;0
13;365;19697;0;614;0;0;0;0
13;365;20173;0;616;0;0;0;0
13;365;20673;0;625,28125;0;0;0;0
13;365;21233;0;626,5;0;0;0;0
13;365;21709;0;627,90625;0;0;0;0
13;365;22122;0;638,40625;0;0;0;0
13;365;22486;0;639,96875;0;0;0;0
13;365;22750;0;649,90625;0;0;0;0
13;365;22982;0;651,21875;0;0;0;0
13;365;23186;0;661,125;0;0;0;0
13;365;23402;0;662,3125;0;0;0;0
13;365;23586;0;663,59375;0;0;0;0
13;365;23730;0;673,1875;0;0;0;0
13;365;23850;0;684,09375;0;0;0;0
13;364;23970;0;685,375;0;-0,7804878;0;-0,6091612
13;364;24070;0;686,4375;0;0;0;0,7345767
13;364;24130;0;687,6875;0;0;0;0
13;364;24178;0;697,25;0;0;0;0
13;364;24250;0;699,34375;0;0;0;0
13;364;24258;0;708,21875;0;0;0;0
13;364;24258;0;709,34375;0;0;0;0
14;364;24210;0;718,84375;0,10526316;0;0,011080332;0
14;364;24150;0;720,15625;0;0;-0,0802005;0
14;364;24066;0;730,28125;0;0;0;0
14;364;23942;0;732,4375;0;0;0;0
15;364;23870;0;744,34375;0,0839895;0;0,0070542363;0
17;365;24050;0;745,8125;1,3617021;0,68085104;0,869932;0,46355817
19;365;24254;0;755,5;0,20645161;0;-0,11925166;-0,0702814
22;366;24482;0;757,46875;1,5238096;0,50793654;0,6691342;0,2579995
26;367;24686;0;758,71875;3,2;0,8;1,3409524;0,23365077
29;368;24822;0;768,3125;0,31270358;0,104234524;-0,30095598;-0,07252279
33;370;24990;0;769,71875;2,8444445;1,4222223;1,8003491;0,9372357
38;371;25134;0;779,34375;0,5194805;0,103896104;-0,2415547;-0,13696894
42;373;25266;0;780,65625;3,047619;1,5238096;1,9262009;1,0818388
48;375;25350;0;790,3125;0,6213592;0,20711975;-0,25126317;-0,13635623
53;377;25446;0;791,625;3,8095238;1,5238096;2,4290779;1,0031923
59;379;25506;0;801,375;0,61538464;0,20512821;-0,32760403;-0,13524938
64;380;25578;0;802,90625;3,2653062;0,6530612;1,7305611;0,29252768
70;382;25626;0;803,8125;6,62069;2,2068965;3,7024922;1,714577
76;384;25638;0;813,15625;0,64214045;0,21404682;-0,6398448;-0,21328157
83;386;25686;0;815,15625;3,5;1;1,4289298;0,39297658
89;388;25686;0;824,375;0,65084743;0,21694915;-0,3090606;-0,084941104
95;389;25686;0;826,0625;3,5555556;0,5925926;1,7213086;0,22260351
102;391;25750;0;836,78125;0,6530612;0,18658893;-0,27078664;-0,03787789
108;392;25750;0;838,125;4,4651165;0,74418604;2,8368783;0,41495597
114;393;25750;0;839,0625;6,4;1,0666667;2,063876;0,3439794
121;394;25794;0;848,75;0,7225807;0,103225805;-0,58605623;-0,09945197
127;395;25798;0;849,96875;4,923077;0,82051283;3,4465613;0,5885432
134;397;25850;0;859,0625;0,7697595;0,21993127;-0,4567222;-0,06604333
140;398;25850;0;860,53125;4,0851064;0,68085104;2,2572575;0,3138177
147;399;25838;0;870,40625;0,70886075;0,101265825;-0,3418983;-0,058692172
153;400;25838;0;871,78125;4,3636365;0,72727275;2,6580186;0,45527774
159;401;25838;0;881,5625;0,6134185;0,10223642;-0,38340887;-0,063901484
165;403;25902;0;882,96875;4,266667;1,4222223;2,5978656;0,9386566
170;404;25914;0;883,78125;6,1538463;1,2307693;2,3226824;-0,23563443
175;405;25962;0;892,78125;0,5555556;0,11111111;-0,6220323;-0,12440646
180;406;26022;0;894,15625;3,6363637;0,72727275;2,2405877;0,44811755
184;407;26022;0;903,90625;0,41025642;0,102564104;-0,33088282;-0,06407268
187;407;26018;0;905,34375;2,0869565;0;1,1664001;-0,07134894
191;408;26014;0;914,71875;0,42666668;0,10666667;-0,17709757;0,011377778
193;408;25966;0;916,03125;1,5238096;0;0,8359184;-0,081269845
196;409;25962;0;925,5625;0,3147541;0,10491803;-0,12685172;0,011007793
198;409;25962;0;927,125;1,28;0;0,6177573;-0,06714754
200;410;25962;0;928,34375;1,6410257;0,82051283;0,2962262;0,6732413
201;410;25962;0;938,15625;0,10191083;0;-0,15685247;-0,08361914
202;410;26070;0;939,4375;0,7804878;0;0,529621;0
202;410;26070;0;948,78125;0;0;-0,08353046;0
202;410;26018;0;950;0;0;0;0
203;410;25886;0;959,46875;0,105610564;0;0,011153591;0
203;410;25342;0;960,78125;0;0;-0,08046519;0
203;410;24642;0;970,78125;0;0;0;0
202;410;24018;0;972,15625;-0,72727275;0;-0,52892566;0
201;410;23426;0;981,46875;-0,10738255;0;0,066565394;0
199;409;22566;0;982,875;-1,4222223;-0,7111111;-0,93499714;-0,505679
197;409;21169;0;983,84375;-2,064516;0;-0,663013;0,7340502
194;407;19077;0;992,78125;-0,33566433;-0,22377622;0,19343796;-0,0250379
190;406;16289;0;994,21875;-2,7826087;-0,6956522;-1,7022222;-0,32826155
186;404;11965;0;1003,8125;-0,4169381;-0,20846905;0,24658456;0,050781306
181;403;6620;0;1005,1875;-3,6363637;-0,72727275;-2,3414004;-0,3773118
178;401;796;0;1014,59375;-0,31893688;-0,21262458;0,35268325;0,054713428
178;401;0;0;1016;0;0;0,22679956;0,1511997
170;399;0;0;1016,90625;-8,827586;-2,2068965;-9,740785;-2,4351962
166;397;0;24;1017,59375;-5,818182;-2,909091;4,377315;-1,0213737
160;395;0;76;1026,5625;-0,66898954;-0,22299652;0,57412595;0,29949486
154;393;0;152;1027,8125;-4,8;-1,6;-3,3048084;-1,1016028
147;390;0;228;1033,7188;-1,1851852;-0,50793654;0,6120322;0,18489963
140;388;0;328;1038;-1,6350365;-0,46715328;-0,10507475;0,009526016
133;386;0;409;1043,8125;-1,2043011;-0,34408602;0,07410501;0,021172862
127;384;0;457;1047,6875;-1,548387;-0,516129;-0,08879637;-0,044398192
121;382;0;485;1053,9062;-0,96482414;-0,32160804;0,093839265;0,031279754
115;380;0;509;1057,5312;-1,6551725;-0,55172414;-0,19044092;-0,0634803
110;379;0;561;1063,625;-0,82051283;-0,16410257;0,13696979;0,0636097
106;377;0;585;1067,7812;-0,96240604;-0,48120302;-0,03413972;-0,07629485
101;376;0;613;1073,8125;-0,82901555;-0,1658031;0,022116557;0,052294288
98;375;0;637;1077,4688;-0,82051283;-0,2735043;0,0023255306;-0,029456733
94;375;0;661;1081,875;-0,9078014;0;-0,01981017;0,062071893
91;375;0;690;1088,0625;-0,4848485;0;0,06835602;0
88;375;0;714;1091,5938;-0,8495575;0;-0,10328043;0
85;375;0;714;1098,1875;-0,4549763;0;0,059841704;0
82;375;0;714;1101,625;-0,8727273;0;-0,12152756;0
80;375;0;738;1108;-0,3137255;0;0,08768656;0
77;375;0;738;1111,8438;-0,7804878;0;-0,121434085;0
75;375;0;738;1117,9688;-0,3265306;0;0,074115455;0
74;374;0;766;1121,8438;-0,2580645;-0,2580645;0,01766867;-0,06659729
72;374;0;766;1127,6562;-0,34408602;0;-0,0147994;0,044398196
71;374;0;738;1132;-0,23021583;0;0,026214719;0
70;374;0;714;1138,0938;-0,16410257;0;0,010849356;0
69;374;0;690;1141,6875;-0,27826086;0;-0,031765785;0
67;374;0;661;1148,0625;-0,3137255;0;-0,0055630817;0
65;374;0;637;1151,7188;-0,5470086;0;-0,06380392;0
63;374;0;613;1158,0625;-0,31527093;0;0,036530074;0
62;374;0;585;1161,5312;-0,2882883;0;0,0077787777;0
60;373;0;561;1168,0938;-0,30476192;-0,15238096;-0,0025102661;-0,023219956
59;373;0;509;1171,5312;-0,29090908;0;0,0040299157;0,044329006
58;372;0;485;1177,875;-0,15763547;-0,15763547;0,021008648;-0,02484894
57;371;0;433;1181,5312;-0,2735043;-0,2735043;-0,031690616;-0,031690616
57;370;0;381;1187,6562;0;-0,1632653;0,044653762;0,017998202
57;369;0;304;1191,5625;0;-0,256;0;-0,023740085
57;368;0;252;1197,7812;0;-0,16080402;0;0,015307899
57;368;0;176;1201,6875;0;0;0;0,04116583
57;367;0;76;1208,6875;0;-0,14285715;0;-0,020408165
57;366;0;0;1211,5;0;-0,35555556;0;-0,075626105
58;366;0;0;1217,75;0,16;0;0,0256;0,05688889
58;365;0;0;1221,75;0;-0,25;-0,04;-0,0625
58;365;0;0;1227,9375;0;0;0;0,04040404
57;365;15837;0;1231,8438;-0,256;0;-0,065536;0
57;365;17401;0;1241,2812;0;0;0,02712583;0
57;365;18245;0;1242,4688;0;0;0;0
57;365;18245;0;1251,4688;0;0;0;0
57;365;18221;0;1253,0312;0;0;0;0
57;365;17613;0;1261,875;0;0;0;0
57;365;17253;0;1263,5;0;0;0;0
57;365;17081;0;1273,1875;0;0;0;0
57;365;17081;0;1274,3438;0;0;0;0
57;365;17277;0;1283,7812;0;0;0;0
57;365;17649;0;1285,1875;0;0;0;0
59;362;18045;0;1294,2188;0,2214533;-0,33217993;0,02452078;-0,03678117
60;361;18417;0;1295,3125;0,9142857;-0,9142857;0,63344675;-0,532211
61;359;18985;0;1304,4062;0,10996564;-0,21993127;-0,08844757;0,07635512
63;358;19501;0;1305,7188;1,5238096;-0,7619048;1,0772144;-0,41293216
64;356;19905;0;1314,8125;0,10996564;-0,21993127;-0,15547425;0,059598457
66;355;20061;0;1316,2188;1,4222223;-0,7111111;0,93316025;-0,34928346
68;353;20257;0;1325,3438;0,21917808;-0,21917808;-0,13184045;0,05391047
69;352;20417;0;1326,5312;0,84210527;-0,84210527;0,5245703;-0,5245703
71;350;20477;0;1327,4375;2,2068965;-2,2068965;1,5059766;-1,5059766
73;349;20485;0;1337,125;0,20645161;-0,103225805;-0,20649754;0,21715312
74;348;20545;0;1338,625;0,6666667;-0,6666667;0,30681005;-0,37562725
76;346;20633;0;1348,2188;0,20846905;-0,20846905;-0,047760017;0,047760017
78;345;20637;0;1349,5;1,5609756;-0,7804878;1,0556148;-0,44645366
79;344;20641;0;1358,7812;0,107744105;-0,107744105;-0,15657713;0,072484165
81;342;20653;0;1360;1,6410257;-1,6410257;1,2580771;-1,2580771
82;341;20657;0;1370,2188;0,09785933;-0,09785933;-0,15101321;0,15101321
84;340;20657;0;1371,5938;1,4545455;-0,72727275;0,9866808;-0,4577552
85;338;20653;0;1372,7188;0,8888889;-1,7777778;-0,5028059;-0,9337823
87;337;20653;0;1382,6875;0,20062695;-0,10031348;-0,069041945;0,16827229
88;336;20649;0;1384,2812;0,627451;-0,627451;0,26781115;-0,33075294
89;335;20341;0;1396,8125;0,0798005;-0,0798005;-0,043702785;0,043702785
91;333;19705;0;1398,75;1,032258;-1,032258;0,491591;-0,491591
92;332;18821;0;1399,875;0,8888889;-0,8888889;-0,12743923;0,12743923
93;331;17881;0;1409,875;0,1;-0,1;-0,078888886;0,078888886
94;331;16713;0;1411,2812;0,7111111;0;0,4345679;0,07111111
95;330;15205;0;1420,125;0,113074206;-0,113074206;-0,06762255;-0,012785776
96;331;12869;0;1421,4375;0,7619048;0,7619048;0,49434713;0,66665065
97;332;9796;0;1422,5625;0,8888889;0,8888889;0,112874776;0,112874776
98;333;4808;0;1431,75;0,108843535;0,108843535;-0,0849029;-0,0849029
98;333;0;0;1432,9062;0;0;-0,09413495;-0,09413495
101;336;0;0;1433,625;4,173913;4,173913;5,8071833;5,8071833
102;339;0;20;1442,375;0,114285715;0,34285715;-0,46395737;-0,43783495
103;343;0;68;1443,4688;0,9142857;3,6571429;0,73142856;3,030204
105;346;0;116;1447,7188;0,47058824;0,7058824;-0,104399405;-0,69441426
107;350;0;188;1451,8438;0,4848485;0,969697;0,0034570333;0,06395506
110;353;0;236;1457,5938;0,5217391;0,5217391;0,006415761;-0,077905715
112;356;0;284;1461,5625;0,503937;0,7559055;-0,004485573;0,059002552
114;358;0;332;1467,8438;0,31840795;0,31840795;-0,029536964;-0,06965135
116;361;0;353;1471,4375;0,5565217;0,8347826;0,066257745;0,14368686
118;363;0;377;1477,6562;0,32160804;0,32160804;-0,037775062;-0,08252053
121;365;0;377;1481,625;0,7559055;0,503937;0,109429285;0,04594116
123;366;0;377;1487,9688;0,31527093;0,15763547;-0,06945964;-0,05458941
125;368;0;353;1491,5938;0,55172414;0,55172414;0,06522847;0,10871412
128;369;0;332;1497,8438;0,48;0,16;-0,011475864;-0,06267586
130;370;0;284;1501,5;0,5470086;0,2735043;0,018327134;0,031043908
133;371;0;260;1507,7812;0,47761193;0,15920398;-0,011048222;-0,018197065
135;371;0;188;1511,5312;0,53333336;0;0,014859049;-0,042454395
137;372;0;140;1517,8438;0,31683168;0,15841584;-0,034297295;0,025095578
139;373;0;68;1521,6875;0,5203252;0,2601626;0,0529414;0,0264707
139;374;0;44;1527,75;0;0,16494845;-0,08582684;-0,015705425
139;374;0;0;1531,6875;0;0;0;-0,041891668
139;375;15045;0;1537,8125;0;0,1632653;0;0,02665556
139;375;16929;0;1546,9375;0;0;0;-0,017892089
139;375;16929;0;1548,4688;0;0;0;0
139;375;16869;0;1557,375;0;0;0;0
139;375;16569;0;1558,6875;0;0;0;0
139;375;16177;0;1567,8125;0;0;0;0
139;375;16177;0;1568,9375;0;0;0;0
139;375;16369;0;1578;0;0;0;0
139;375;16681;0;1579,1562;0;0;0;0
135;373;17053;0;1588,375;-0,4338983;-0,21694915;-0,047066934;-0,023533467
133;372;17565;0;1589,7188;-1,4883721;-0,74418604;-0,78472465;-0,39236233
130;371;18121;0;1600,5312;-0,27745664;-0,09248555;0,11199218;0,06027288
128;370;18565;0;1601,7812;-1,6;-0,8;-1,0580347;-0,56601155
126;369;18909;0;1602,4688;-2,909091;-1,4545455;-1,9041324;-0,9520662
123;367;19193;0;1611,6875;-0,32542372;-0,21694915;0,2802622;0,13424775
120;365;19425;0;1613,1875;-2;-1,3333334;-1,1163841;-0,7442562
118;363;19769;0;1622,9062;-0,20578778;-0,20578778;0,18461348;0,11601755
115;361;20049;0;1624,25;-2,2325583;-1,4883721;-1,5082943;-0,95448136
112;359;20245;0;1633,9375;-0,30967742;-0,20645161;0,19849093;0,13232727
109;357;20333;0;1635,2812;-2,2325583;-1,4883721;-1,4309812;-0,9539873
106;355;20417;0;1644,5;-0,32542372;-0,21694915;0,2068756;0,13791707
103;353;20549;0;1645,8125;-2,2857144;-1,5238096;-1,4935548;-0,9957032
100;351;20685;0;1655,3125;-0,31578946;-0,21052632;0,20736052;0,13824034
98;349;20869;0;1656,7188;-1,4222223;-1,4222223;-0,7867966;-0,8616504
96;348;21245;0;1657,875;-1,7297298;-0,8648649;-0,26595244;0,4820388
94;346;21537;0;1667,4375;-0,20915033;-0,20915033;0,15901485;0,068571456
93;345;21709;0;1668,7188;-0,7804878;-0,7804878;-0,44592193;-0,44592193
92;345;21878;0;1678,0938;-0,10666667;0;0,07187425;0,08325203
92;344;22074;0;1679,3125;0;-0,82051283;0,08752137;-0,6732413
91;344;22278;0;1688,75;-0,105960265;0;-0,011227578;0,08694176
91;344;22398;0;1689,9688;0;0;0,08694176;0
91;344;22466;0;1699,9062;0;0;0;0
91;344;22466;0;1701,2188;0;0;0;0
91;344;22330;0;1702;0;0;0;0
91;344;22138;0;1711,25;0;0;0;0
91;344;21906;0;1712,4688;0;0;0;0
91;344;21737;0;1721,8438;0;0;0;0
91;343;21553;0;1722,9375;0;-0,9142857;0;-0,83591837
91;343;21553;0;1733,6875;0;0;0;0,08504984
91;342;21649;0;1735,0938;0;-0,7111111;0;-0,505679
92;340;21894;0;1744,5312;0,105960265;-0,21192053;0,011227578;0,05289437
92;338;22138;0;1745,6562;0;-1,7777778;-0,0941869;-1,3918731
92;335;22354;0;1755,0938;0;-0,3178808;0;0,15469107
93;333;22550;0;1756,375;0,7804878;-1,5609756;0,6091612;-0,97022027
93;330;22706;0;1766,8125;0;-0,28742516;-0,074777275;0,1220168
93;327;22914;0;1768,0312;0;-2,4615386;0;-1,7838879
94;323;23130;0;1768,75;1,3913044;-5,5652175;1,9357278;-4,318162
94;319;23482;0;1777,9375;0;-0,43537414;-0,1514345;0,55835027
94;316;23962;0;1779,2188;0;-2,3414633;0;-1,4876794
94;311;24290;0;1788,6875;0;-0,5280528;0;0,1915153
94;307;24530;0;1789,8125;0;-3,5555556;0;-2,6911135
94;303;24722;0;1799,8438;0;-0,39875388;0;0,31469673
95;298;24906;0;1801,1562;0,7619048;-3,8095238;0,5804989;-2,598682
95;293;25110;0;1801,9375;0;-6,4;-0,9752381;-3,3158097
95;288;25302;0;1811,125;0;-0,5442177;0;0,6373641
95;283;25506;0;1812,3438;0;-4,1025643;0;-2,9196692
95;278;25638;0;1821,625;0;-0,53872055;0;0,38398317
95;273;25818;0;1822,875;0;-4;0;-2,7690234
95;267;25966;0;1833,375;0;-0,5714286;0;0,3265306
95;262;26098;0;1834,75;0;-3,6363637;0;-2,2290437
95;257;26194;0;1835,5;0;-6,6666665;0;-4,040404
95;252;26266;0;1844,7812;0;-0,53872055;0;0,66025007
95;247;26326;0;1846,2812;0;-3,3333333;0;-1,8630751
96;242;26410;0;1855,75;0,105610564;-0,5280528;0,011153591;0,29626724
96;238;26418;0;1856,9688;0;-3,2820513;-0,08665482;-2,259691
96;234;26430;0;1866,7188;0;-0,41025642;0;0,29454306
96;231;26430;0;1868,0312;0;-2,2857144;0;-1,4289204
97;228;26430;0;1877,75;0,10289389;-0,30868167;0,010587153;0,20342459
97;225;26374;0;1879,1875;0;-2,0869565;-0,07157836;-1,2370607
97;222;26374;0;1888,75;0;-0,3137255;0;0,18543592
98;220;26382;0;1890,2188;0,68085104;-1,3617021;0,46355817;-0,713516
98;218;26386;0;1891,9688;0;-1,1428572;-0,38905773;0,12505423
98;216;26386;0;1901,625;0;-0,20711975;0;0,096904844
98;215;26338;0;1903,0625;0;-0,6956522;0;-0,33984864
98;214;26290;0;1912,4375;0;-0,10666667;0;0,06282512
98;213;26062;0;1914,5;0;-0,4848485;0;-0,18336087
98;213;25458;0;1915,5312;0;0;0;0,47015613
98;213;24770;0;1924,5625;0;0;0;0
98;212;23990;0;1925,75;0;-0,84210527;0;-0,70914125
98;212;23118;0;1935,4375;0;0;0;0,086927
98;212;21773;0;1936,7188;0;0;0;0
96;213;19869;0;1946,0938;-0,21333334;0,10666667;-0,022755556;0,011377778
95;214;13861;0;1947,8438;-0,5714286;0,5714286;-0,20462586;0,26557824
93;216;832;0;1948,8438;-2;2;-1,4285715;1,4285715
93;216;0;0;1958,4688;0;0;0,20779221;-0,20779221
86;222;0;100;1959,9375;-4,7659574;4,0851064;-3,2449071;2,781349
82;225;0;252;1961,625;-2,3703704;1,7777778;1,419607;-1,3673059
78;229;0;381;1965,6875;-0,9846154;0,9846154;0,34110895;-0,19523998
73;232;0;509;1972,0312;-0,7881773;0,4729064;0,030965608;-0,08066349
70;235;0;613;1976,0312;-0,75;0,75;0,009544328;0,0692734
67;237;0;714;1982,25;-0,48241207;0,32160804;0,043029215;-0,06888715
64;238;0;766;1985,9688;-0,8067227;0,26890758;-0,08720958;-0,014171552
61;240;0;818;1992,125;-0,48730963;0,3248731;0,051884357;0,009090845
59;242;0;866;1996;-0,516129;0,516129;-0,00743726;0,049356367
57;243;0;894;2001,9062;-0,33862433;0,16931216;0,030053703;-0,058720313
55;243;0;918;2005,5312;-0,55172414;0;-0,058786154;-0,046706803
54;245;0;942;2012,0312;-0,15384616;0,30769232;0,061212;0,04733728
53;247;0;970;2015,9375;-0,256;0,512;-0,026151387;0,052302774
52;247;0;970;2021,9062;-0,16753927;0;0,014820648;-0,08578011
51;248;0;994;2025,75;-0,2601626;0,2601626;-0,024097124;0,067684576
50;249;0;994;2031,6562;-0,16931216;0,16931216;0,015382083;-0,015382083
49;250;0;994;2035,5625;-0,256;0,256;-0,022192089;0,022192089
47;252;0;970;2041,9375;-0,3137255;0,3137255;-0,009054978;0,009054978
46;253;0;970;2045,5312;-0,27826086;0,27826086;0,0098684225;-0,0098684225
44;255;0;970;2051,9062;-0,3137255;0,3137255;-0,0055630817;0,0055630817
42;257;0;942;2055,3125;-0,58715594;0,58715594;-0,08027316;0,08027316
40;258;0;942;2061,75;-0,3106796;0,1553398;0,042947777;-0,06707823
37;260;0;942;2065,625;-0,7741935;0,516129;-0,11961649;0,093106896
35;262;0;918;2071,875;-0,32;0,32;0,07267097;-0,031380642
31;263;0;918;2075,7188;-1,0406504;0,2601626;-0,18748628;-0,015567454
28;264;0;894;2081,75;-0,4974093;0,1658031;0,09007105;-0,015645096
25;264;0;894;2085,7188;-0,7559055;0;-0,0651329;-0,04177716
22;264;0;894;2091,75;-0,4974093;0;0,042859472;0
20;264;0;894;2095,75;-0,5;0;-0,0006476715;0
18;264;0;894;2101,75;-0,33333334;0;0,027777776;0
17;264;0;866;2105,5938;-0,2601626;0;0,019036293;0
16;264;0;866;2111,75;-0,16243654;0;0,015874282;0
15;265;0;842;2115,8125;-0,24615385;0,24615385;-0,020607335;0,060591716
13;265;0;842;2122,0625;-0,32;0;-0,011815383;-0,039384615
12;266;0;818;2127,0938;-0,19875777;0,19875777;0,024097834;0,03950465
10;266;0;790;2131,8125;-0,42384106;0;-0,04769977;-0,04212085
9;267;0;790;2135,7188;-0,256;0,256;0,04296731;0,065536
7;267;0;766;2141,9375;-0,32160804;0;-0,010550034;-0,041165832
6;268;0;766;2146,4375;-0,22222222;0,22222222;0,022085736;0,049382716
5;268;0;738;2151,8438;-0,1849711;0;0,006890382;-0,04110469
4;268;0;738;2155,5625;-0,26890758;0;-0,022571156;0
3;269;0;714;2162,5312;-0,14349777;0,14349777;0,017996026;0,020591607
3;269;0;690;2166,1875;0;0;0,039247252;-0,039247252
3;269;0;690;2172,4062;0;0;0;0
3;270;0;661;2175,5625;0;0,31683168;0;0,10038231
3;270;0;637;2182,1562;0;0;0;-0,048050303
3;270;0;613;2185,4688;0;0;0;0
2;271;0;561;2192,1562;-0,1495327;0,1495327;-0,02236003;0,02236003
2;271;0;533;2195,8438;0;0;0,04055124;-0,04055124
1;271;0;485;2202,1562;-0,15841584;0;-0,025095578;0
1;271;0;457;2205,625;0;0;0,045669433;0
2;270;0;409;2211,8125;0,16161616;-0,16161616;0,026119784;-0,026119784
3;270;0;328;2215,5625;0,26666668;0;0,028013472;0,04309764
4;270;0;280;2221,9375;0,15686275;0;-0,017224146;0
6;271;0;204;2225,8438;0,512;0,256;0,09091514;0,065536
8;272;0;124;2231,7188;0,34042552;0,17021276;-0,029204171;-0,014602086
9;272;0;48;2236;0,23357664;0;-0,024957404;-0,039757725
11;272;0;0;2242,0312;0,3316062;0;0,016253607;0
13;273;0;0;2245,5312;0,5714286;0,2857143;0,06852068;0,08163266
14;274;0;0;2251,9375;0,15609756;0,15609756;-0,06483216;-0,020232856
15;274;0;0;2255,5625;0,27586207;0;0,033038486;-0,043061398
15;275;15545;0;2262,125;0;0,15238096;-0,042036124;0,023219956
15;275;17809;0;2271,7812;0;0;0;-0,015780553
15;275;17809;0;2273,2188;0;0;0;0
15;275;17409;0;2282,8125;0;0;0;0
15;275;16701;0;2284,25;0;0;0;0
15;275;16145;0;2293,8438;0;0;0;0
15;275;16033;0;2295,25;0;0;0;0
15;275;16033;0;2296,375;0;0;0;0
15;275;16389;0;2306;0;0;0;0
15;275;16737;0;2307,4688;0;0;0;0
15;275;17125;0;2317,8438;0;0;0;0
18;276;17533;0;2319,2812;2,0869565;0,6956522;1,4517958;0,48393196
20;276;18029;0;2328,75;0,21122113;0;-0,19809747;-0,073468216
22;277;18437;0;2330,5;1,1428572;0,5714286;0,5323635;0,32653064
25;278;18821;0;2331,5312;2,909091;0,969697;1,7127116;0,38619965
28;279;19089;0;2340,3125;0,34163702;0,113879;-0,29237908;-0,097459696
31;281;19285;0;2341,5;2,5263157;1,6842105;1,8397293;1,3223845
35;282;19385;0;2351;0,42105263;0,10526316;-0,22160663;-0,16620499
38;283;19569;0;2352,3438;2,2325583;0,74418604;1,3480972;0,4754775
41;285;19629;0;2361,6562;0,32214764;0,2147651;-0,20514476;-0,056850575
44;286;19637;0;2363,0312;2,1818182;0,72727275;1,3524877;0,37273285
47;288;19701;0;2372,25;0,32542372;0,21694915;-0,20137161;-0,055357136
50;289;19797;0;2373,4688;2,4615386;0,82051283;1,7527096;0,49523172
53;290;19797;0;2383,1562;0,30967742;0,103225805;-0,2221276;-0,07404253
55;291;19797;0;2384,3125;1,7297298;0,8648649;1,2281533;0,6587149
57;291;19789;0;2393,4375;0,21917808;0;-0,1655399;-0,094779715
58;291;19653;0;2394,5938;0,8648649;0;0,5584318;0
59;292;19497;0;2395,3125;1,3913044;1,3913044;0,73243755;1,9357278
60;292;19325;0;2405,5312;0,09785933;0;-0,12657566;-0,1361521
61;292;19089;0;2406,625;0,9142857;0;0,74644697;0
61;292;18965;0;2416,9688;0;0;-0,08839016;0
62;292;18957;0;2418,125;0,8648649;0;0,74799126;0
62;291;18957;0;2426,9688;0;-0,113074206;-0,09779391;-0,012785776
62;291;19033;0;2428,4375;0;0;0;0,07698669
62;291;19145;0;2438,1562;0;0;0;0
63;291;19341;0;2439,4062;0,8;0;0,64;0
63;291;19621;0;2449,4062;0;0;-0,08;0
63;290;19965;0;2450,5625;0;-0,8648649;0;-0,74799126
63;290;20305;0;2459,625;0;0;0;0,09543337
63;289;20757;0;2460,9688;0;-0,74418604;0;-0,55381286
64;288;21281;0;2461,75;1,28;-1,28;1,6384;-0,6858418
64;287;21805;0;2471,125;0;-0,10666667;-0,13653333;0,12515555
64;285;22194;0;2472,375;0;-1,6;0;-1,1946666
64;283;22546;0;2483,5312;0;-0,17927171;0;0,1273482
64;281;22834;0;2484,7812;0;-1,6;0;-1,1365826
63;279;23066;0;2485,4688;-1,4545455;-2,909091;-2,1157026;-1,9041324
63;276;23222;0;2495,125;0;-0,3106796;0,15063255;0,26909113
63;274;23378;0;2496,8125;0;-1,1851852;0;-0,51822555
62;271;23526;0;2506,1875;-0,10666667;-0,32;-0,011377778;0,09228642
62;267;23646;0;2507,8438;0;-2,4150944;0,06440252;-1,2649627
61;264;23778;0;2517,4688;-0,103896104;-0,3116883;-0,0107944;0,21853568
60;260;23910;0;2518,7188;-0,8;-3,2;-0,55688316;-2,3106494
60;256;24022;0;2527,8438;0;-0,43835616;0,087671235;0,3026459
59;252;24106;0;2529,4062;-0,64;-2,56;-0,4096;-1,357852
58;248;24214;0;2539,2812;-0,101265825;-0,4050633;0,054555357;0,21822143
57;244;24310;0;2540,75;-0,68085104;-2,7234042;-0,3946112;-1,5784448
57;240;24430;0;2541,8438;0;-3,6571429;0,6224924;-0,853704
56;236;24538;0;2552,4062;-0,09467456;-0,37869823;-0,008963272;0,31038532
56;233;24682;0;2553,9062;0;-2;0,06311637;-1,0808679
55;230;24830;0;2563;-0,10996564;-0,3298969;-0,012092441;0,18365395
55;226;24962;0;2564,4688;0;-2,7234042;0,07487022;-1,629622
54;224;25094;0;2565,4688;-1;-2;-1;0,72340417
54;221;25250;0;2573,875;0;-0,35687733;0,11895911;0,1954644
54;219;25358;0;2583,9688;0;-0,19814241;0;0,01572606
54;217;25442;0;2585,5938;0;-1,2307693;0;-0,6354627
54;216;25454;0;2586,7812;0;-0,84210527;0;0,32729602
54;215;25502;0;2596,125;0;-0,10702341;0;0,07867097
54;214;25510;0;2597,9062;0;-0,5614035;0;-0,2550906
54;214;25510;0;2605,7188;0;0;0;0,07185965
54;214;25510;0;2606,75;0;0;0;0
54;214;25438;0;2613,3125;0;0;0;0
54;214;25438;0;2619,7188;0;0;0;0
54;214;25426;0;2620,75;0;0;0;0
54;214;25366;0;2627,0625;0;0;0;0
54;214;25354;0;2633,875;0;0;0;0
54;214;25346;0;2640,5;0;0;0;0
54;214;25346;0;2641,5312;0;0;0;0
54;214;25358;0;2648,0625;0;0;0;0
54;214;25418;0;2654,5625;0;0;0;0
54;215;25418;0;2655,5312;0;1,032258;0;1,0655566
54;216;25346;0;2661,8125;0;0,15920398;0;-0,13899368
53;218;24950;0;2668,4062;-0,15165877;0,30331755;-0,023000382;0,021856086
53;221;24274;0;2669,4688;0;2,8235295;0,14273767;2,3719642
52;224;23646;0;2675,75;-0,15920398;0,47761193;-0,025345907;-0,3734794
52;227;23078;0;2682,4375;0;0,44859812;0,023806201;-0,004338514
51;229;22230;0;2689,0938;-0,15023474;0,3004695;-0,022570478;-0,022254067
51;232;20893;0;2690,125;0;2,909091;0,14568217;2,5295725
50;235;18677;0;2696,7812;-0,15023474;0,45070422;-0,022570478;-0,36933511
49;238;15513;0;2703,1875;-0,15609756;0,46829268;-0,00091517146;0,0027455166
49;240;9936;0;2709,6562;0;0,30917874;0,024131024;-0,024597324
48;242;1928;0;2710,5;-1,1851852;2,3703704;-1,4046639;2,4428937
48;242;0;0;2711,2812;0;0;1,517037;-3,034074
46;244;0;20;2717,9375;-0,3004695;0,3004695;-0,045140956;0,045140956
45;246;0;68;2719,3438;-0,7111111;1,4222223;-0,29201183;0,7976908
44;247;0;112;2725,3438;-0,16666667;0,16666667;0,09074074;-0,20925927
41;248;0;156;2729,7812;-0,6760563;0,22535211;-0,114792034;0,013224887
39;250;0;224;2735,4688;-0,35164836;0,35164836;0,05703876;0,022205934
36;252;0;292;2739,2812;-0,78688526;0,52459013;-0,1141605;0,045361776
33;253;0;361;2746,1562;-0,43636364;0,14545454;0,050984964;-0,055146996
31;254;0;409;2749,4062;-0,61538464;0,30769232;-0,055083387;0,049919315
30;255;0;453;2755,8125;-0,15609756;0,15609756;0,07169359;-0,023663571
29;256;0;477;2759,4688;-0,2735043;0,2735043;-0,032111242;0,032111242
27;258;0;521;2765,8438;-0,3137255;0,3137255;-0,00630921;0,00630921
26;260;0;545;2769,6875;-0,2601626;0,5203252;0,013935066;0,05374951
26;262;0;545;2775,8438;0;0,3248731;0,042259913;-0,031748563
25;264;0;565;2779,5938;-0,26666668;0,53333336;-0,07111111;0,055589404
25;266;0;545;2785,9062;0;0,31683168;0,042244226;-0,034297295
25;268;0;545;2789,625;0;0,53781515;0;0,05942413
25;270;0;497;2795,6562;0;0,3316062;0;-0,034190085
25;272;0;477;2799,3438;0;0,5423729;0;0,057157066
25;273;0;409;2805,8438;0;0,15384616;0;-0,059773345
26;274;0;361;2809,5625;0,26890758;0,26890758;0,07231128;0,030940885
27;275;0;292;2815,9688;0,15609756;0,15609756;-0,017609369;-0,017609369
29;275;0;224;2819,3438;0,5925926;0;0,12933186;-0,04625113
30;276;0;136;2825,75;0,15609756;0,15609756;-0,06813581;0,024366448
31;276;0;68;2829,375;0,27586207;0;0,033038486;-0,043061398
32;275;0;20;2835,75;0,15686275;-0,15686275;-0,01866656;-0,024605922
32;275;0;0;2840,625;0;0;-0,032176975;0,032176975
32;275;14173;0;2845,8125;0;0;0;0
32;275;18669;0;2855,0938;0;0;0;0
32;275;18925;0;2856,5938;0;0;0;0
32;275;18925;0;2865,7812;0;0;0;0
32;275;18225;0;2866,9375;0;0;0;0
31;271;17829;0;2875,9062;-0,11149826;-0,44599304;-0,012431862;-0,049727447
31;269;17821;0;2877,125;0;-1,6410257;0,09148575;-0,98053956
31;268;17821;0;2886,0625;0;-0,11188811;0;0,17109232
31;266;17825;0;2888,0625;0;-1;0;-0,44405594
31;265;18021;0;2898,125;0;-0,099378884;0;0,08950272
30;263;18613;0;2899,5;-0,72727275;-1,4545455;-0,52892566;-0,98557574
30;261;19253;0;2900,8438;0;-1,4883721;0,5412262;-0,025173277
29;259;19853;0;2910,5938;-0,102564104;-0,20512821;-0,010519396;0,13161476
29;256;20489;0;2912,4688;0;-1,6;0,054700855;-0,74393165
28;252;21089;0;2922,2188;-0,102564104;-0,41025642;-0,010519396;0,12202499
26;249;21621;0;2923,5938;-1,4545455;-2,1818182;-0,9832592;-1,2884086
25;244;22134;0;2933,7812;-0,09815951;-0,49079755;0,13314217;0,16598977
23;240;22498;0;2935,7188;-1,032258;-2,064516;-0,4821154;-0,81224185
21;236;22762;0;2937,0938;-1,4545455;-2,909091;-0,30711815;-0,6142363
18;231;22970;0;2947,25;-0,29538462;-0,4923077;0,11413276;0,2379602
16;226;23114;0;2948,9688;-1,1636363;-2,909091;-0,5051646;-1,4061285
13;221;23234;0;2950,2188;-2,4;-4;-0,98909104;-0,8727272
11;216;23246;0;2959,3438;-0,21917808;-0,5479452;0,23899418;0,37830737
8;211;23306;0;2960,875;-1,9591837;-3,2653062;-1,1363302;-1,7746031
6;206;23314;0;2970,6562;-0,20447284;-0,5111821;0,17939536;0,2815718
4;201;23314;0;2972,2812;-1,2307693;-3,0769231;-0,631567;-1,5789176
2;198;23238;0;2982,6875;-0,1921922;-0,2882883;0,0998032;0,2679769
1;194;22890;0;2984,2188;-0,6530612;-2,6122448;-0,30097568;-1,5176859
0;192;22198;0;2993,375;-0,10921501;-0,21843003;0,05939617;0,26144052
0;191;21261;0;2994,7812;0;-0,7111111;0,07766401;-0,350351
1;190;19833;0;2996,4688;0,5925926;-0,5925926;0,35116598;0,0702332
2;191;17469;0;3005,6562;0,108843535;0,108843535;-0,05265296;0,07634679
4;192;12981;0;3007;1,4883721;0,74418604;1,0266259;0,472813
7;196;7260;0;3015,8125;0,34042552;0,4539007;-0,13026345;-0,032940183
9;199;280;0;3016,8125;2;3;1,6595745;2,5460992
9;199;0;0;3017,75;0;0;-2,1333334;-3,2
13;208;0;0;3024,4062;0,600939;1,3521127;0,09028191;0,2031343
16;213;0;104;3025,7188;2,2857144;3,8095238;1,2836384;1,8723134
21;220;0;212;3029,5625;1,300813;1,8211383;-0,25623453;-0,5173036
26;227;0;320;3036,0625;0,7692308;1,0769231;-0,08178187;-0,11449464
32;234;0;401;3039,7188;1,6410257;1,9145299;0,23843962;0,22908904
38;241;0;457;3046,3125;0,9099526;1,0616114;-0,11087364;-0,12935257
45;248;0;537;3049,7188;2,0550458;2,0550458;0,33617416;0,29165047
51;255;0;617;3056;0,95522386;1,1144278;-0,17509605;-0,14975013
57;261;0;698;3059,6875;1,6271186;1,6271186;0,18220875;0,1390348
64;267;0;778;3066,0312;1,1034483;0,9458128;-0,08254901;-0,10739795
71;273;0;834;3069,7812;1,8666667;1,6;0,2035249;0,17444992
79;279;0;858;3076,0312;1,28;0,96;-0,093866676;-0,102400005
86;284;0;858;3079,7188;1,898305;1,3559322;0,16767596;0,10737146
93;289;0;886;3086;1,1144278;0,7960199;-0,124796376;-0,08914027
100;294;0;886;3089,8125;1,8360655;1,3114754;0,18928203;0,13520144
106;298;0;886;3096,1562;0,9458128;0,63054186;-0,1403354;-0,10733928
113;302;0;886;3099,7812;1,9310344;1,1034483;0,2717853;0,13045694
119;305;0;886;3105,9375;0,97461927;0,48730963;-0,15535678;-0,10008343
124;308;0;886;3109,6875;1,3333334;0,8;0,095657095;0,083384104
130;310;0;858;3116,0312;0,9458128;0,31527093;-0,061086982;-0,076410495
135;312;0;834;3119,6875;1,3675214;0,5470086;0,1153391;0,06338123
140;314;0;806;3125,9688;0,7960199;0,31840795;-0,09098531;-0,03639413
144;315;0;750;3129,8438;1,032258;0,2580645;0,060964677;-0,015572501
148;316;0;726;3135,9062;0,6597938;0,16494845;-0,061437402;-0,0153593505
151;316;0;669;3139,6875;0,7933884;0;0,035330813;-0,04362273
154;315;0;645;3146,9688;0,41201717;-0,13733906;-0,052377168;-0,018862016
155;315;0;617;3149,6875;0,3678161;0;-0,016257867;0,050515514
156;315;0;561;3155,9688;0,15920398;0;-0,03321188;0
156;316;0;537;3159,6875;0;0,26890758;-0,04281115;0,07231128
157;316;0;537;3166;0,15841584;0;0,025095578;-0,04259922
158;316;0;509;3169,75;0,26666668;0;0,02886689;0
158;315;0;481;3175,9688;0;-0,16080402;-0,042881075;-0,025857933
158;314;0;481;3179,6875;0;-0,26890758;0;-0,029069865
158;312;0;457;3186;0;-0,31683168;0;-0,0075919367
158;310;0;457;3189,625;0;-0,55172414;0;-0,06479792
157;309;0;429;3195,9688;-0,15763547;-0,15763547;-0,02484894;0,062122356
156;308;0;401;3199,75;-0,2644628;-0,2644628;-0,028251857;-0,028251857
155;307;0;373;3205,9375;-0,16161616;-0,16161616;0,016621679;0,016621679
154;306;0;349;3209,625;-0,27118644;-0,27118644;-0,029713973;-0,029713973
154;305;0;320;3216;0;-0,15686275;0,04253905;0,017933128
154;305;0;292;3219,6562;0;0;0;0,042902634
154;305;0;268;3225,9375;0;0;0;0
154;305;0;240;3229,8438;0;0;0;0
154;305;0;212;3236,0312;0;0;0;0
154;305;0;184;3239,625;0;0;0;0
154;306;0;184;3245,9375;0;0,15841584;0;0,025095578
154;306;0;184;3249,625;0;0;0;-0,042960227
154;307;0;184;3253,9688;0;0,23021583;0;0,05299933
155;307;0;184;3260;0,1658031;0;0,02749067;-0,0381705
155;308;0;212;3263,6562;0;0,2735043;-0,04534786;0,07480459
155;308;0;212;3269,9688;0;0;0;-0,043327413
155;308;0;212;3273,5938;0;0;0;0
155;308;0;212;3280,0312;0;0;0;0
156;309;0;212;3283,5625;0,28318584;0,28318584;0,08019422;0,08019422
156;309;0;184;3290;0;0;-0,043990035;-0,043990035
157;310;0;184;3293,5625;0,28070176;0,28070176;0,07879347;0,07879347
157;310;0;160;3299,9375;0;0;-0,04403165;-0,04403165
158;311;0;132;3303,75;0,26229507;0,26229507;0,068798706;0,068798706
159;311;0;104;3310,0312;0,15920398;0;-0,016412511;-0,041758418
161;312;0;52;3313,6562;0,55172414;0,27586207;0,108281426;0,07609988
162;313;0;24;3319,875;0,16080402;0,16080402;-0,062861525;-0,018501798
164;314;0;0;3323,875;0,5;0,25;0,08479899;0,022298995
166;314;0;0;3329,75;0,34042552;0;-0,027161613;-0,04255319
167;315;0;0;3333,9062;0,24060151;0,24060151;-0,024017807;0,057889085
169;316;0;0;3342,4688;0,23357664;0,11678832;-0,0008204227;-0,014459934
170;316;0;0;3343,7812;0,7619048;0;0,4025357;-0,088981576
171;317;0;0;3351,0938;0,13675214;0,13675214;-0,08549096;0,018701147
171;317;12017;0;3353,75;0;0;-0,05148316;-0,05148316
171;317;14073;0;3363;0;0;0;0
171;317;14225;0;3364,2188;0;0;0;0
171;317;14225;0;3373,75;0;0;0;0
171;317;14225;0;3374,9062;0;0;0;0
171;317;14397;0;3385,4062;0;0;0;0
171;317;15077;0;3386,5312;0;0;0;0
171;317;16109;0;3396,9375;0;0;0;0
171;317;17061;0;3398,25;0;0;0;0
171;317;18005;0;3399,5625;0;0;0;0
171;317;18993;0;3408,8125;0;0;0;0
169;315;19849;0;3410,4375;-1,2307693;-1,2307693;-0,75739646;-0,75739646
168;314;20521;0;3420,2812;-0,1015873;-0,1015873;0,11471055;0,11471055
168;314;20985;0;3421,8438;0;0;0,065015875;0,065015875
167;314;21337;0;3432,25;-0,0960961;0;-0,00923446;0
166;313;21581;0;3433,7812;-0,6530612;-0,6530612;-0,3637323;-0,42648897
164;312;21725;0;3435,2188;-1,3913044;-0,6956522;-0,5135605;-0,029628504
162;311;21725;0;3445,5938;-0,19277108;-0,09638554;0,11552128;0,05776064
160;310;21625;0;3447,4688;-1,0666667;-0,53333336;-0,4660777;-0,23303884
157;308;21541;0;3456,8438;-0,32;-0,21333334;0,07964445;0,034133337
155;307;21529;0;3458,2812;-1,3913044;-0,6956522;-0,7452552;-0,33552617
152;305;21529;0;3467,9375;-0,3106796;-0,20711975;0,11190937;0,050592355
149;303;21533;0;3469,5312;-1,882353;-1,254902;-0,986148;-0,657432
146;302;21545;0;3470,6875;-2,5945945;-0,8648649;-0,61599267;0,3373294
144;300;21605;0;3480,5;-0,20382166;-0,20382166;0,24364564;0,067367464
142;299;21677;0;3481,75;-1,6;-0,8;-1,1169426;-0,4769427
140;298;21789;0;3491,9375;-0,19631901;-0,09815951;0,13778464;0,06889232
138;297;21934;0;3493,3438;-1,4222223;-0,7111111;-0,87175345;-0,43587673
136;297;22094;0;3494,5312;-1,6842105;0;-0,2206217;0,5988304
136;296;22286;0;3504,0312;0;-0,10526316;0,17728531;-0,011080332
135;296;22554;0;3505,3125;-0,7804878;0;-0,6091612;0,08215661
134;296;22758;0;3516,3125;-0,09090909;0;0,06268897;0
134;296;22854;0;3517,5938;0;0;0,070953436;0
134;296;22930;0;3527,1875;0;0;0;0
134;296;23002;0;3528,9688;0;0;0;0
133;296;23014;0;3530,5938;-0,61538464;0;-0,37869823;0
133;296;23022;0;3539,75;0;0;0,067209244;0
133;296;23022;0;3540,9062;0;0;0;0
133;296;22926;0;3551;0;0;0;0
133;296;22742;0;3552,1562;0;0;0;0
133;296;22466;0;3562,0312;0;0;0;0
133;296;22126;0;3563,7812;0;0;0;0
133;296;21725;0;3565,0938;0;0;0;0
133;296;21345;0;3574,375;0;0;0;0
133;295;21065;0;3575,5625;0;-0,84210527;0;-0,70914125
133;295;20897;0;3585,7188;0;0;0;0,08291498
134;295;20897;0;3587,6562;0,516129;0;0,26638916;0
134;294;21201;0;3597,2188;0;-0,104575165;-0,053974275;-0,010935965
135;293;21553;0;3598,5625;0,74418604;-0,74418604;0,55381286;-0,4759895
135;291;21773;0;3599,9062;0;-1,4883721;-0,55381286;-0,55381286
136;289;21906;0;3609,1562;0,10810811;-0,21621622;0,0116873635;0,13753037
136;287;21978;0;3610,4688;0;-1,5238096;-0,08236808;-0,9962616
137;283;22270;0;3621,3125;0,09221902;-0,36887607;0,008504348;0,10650683
138;280;22466;0;3632,5;0,08938547;-0,26815644;-0,00025327777;0,009002872
138;278;22610;0;3634;0;-1,3333334;-0,059590314;-0,710118
139;275;22814;0;3635,1562;0,8648649;-2,5945945;0,74799126;-1,0908204
140;272;23070;0;3645,8125;0,09384164;-0,28152493;-0,07235409;0,21706225
140;268;23346;0;3647,25;0;-2,7826087;-0,065281145;-1,7398844
141;265;23674;0;3656,4062;0,10921501;-0,32764506;0,011927919;0,2681189
141;262;24002;0;3658,2188;0;-1,6551725;-0,06025656;-0,7324289
141;258;24182;0;3659,5625;0;-2,9767442;0;-0,98349524
142;255;24326;0;3669,9375;0,09638554;-0,28915662;0,009290173;0,2590446
142;252;24434;0;3671,625;0;-1,7777778;-0,057117358;-0,88214594
143;249;24518;0;3682,7188;0,09014084;-0,27042255;0,008125371;0,13587427
143;247;24614;0;3683,6562;0;-2,1333334;-0,096150234;-1,9871049
143;245;24674;0;3684,375;0;-2,7826087;0;-0,90333956
144;242;24734;0;3693,375;0,11111111;-0,33333334;0,012345679;0,27214172
144;240;24790;0;3694,75;0;-1,4545455;-0,08080808;-0,815427
145;239;24798;0;3704,9062;0,09846154;-0,09846154;0,009694675;0,13352212
145;238;24862;0;3706,2188;0;-0,7619048;-0,07501832;-0,5054805
146;237;24862;0;3715,9688;0,102564104;-0,102564104;0,010519396;0,06762469
146;236;24814;0;3717,3438;0;-0,72727275;-0,074592076;-0,45433357
146;236;24738;0;3726,5625;0;0;0;0,07889061
147;236;24666;0;3728,1875;0,61538464;0;0,37869823;0
147;235;24658;0;3729,8438;0;-0,6037736;-0,371553;-0,36454254
148;235;24598;0;3739,4375;0,104234524;0;0,010864836;0,062934056
148;235;24538;0;3740,6875;0;0;-0,08338762;0
149;235;24534;0;3750,4062;0,10289389;0;0,010587153;0
149;235;24530;0;3751,7188;0;0;-0,078395344;0
150;235;24530;0;3761,4062;0,103225805;0;0,010655567;0
151;235;24538;0;3763,25;0,5423729;0;0,23818147;0
152;235;24550;0;3764,125;1,1428572;0;0,6862678;0
153;235;24610;0;3773,1562;0,11072665;0;-0,11428436;0
155;236;24622;0;3774,5;1,4883721;0,74418604;1,0252246;0,55381286
157;237;24690;0;3784,8438;0,19335347;0,09667674;-0,12519819;-0,06259909
158;239;24690;0;3786,125;0,7804878;1,5609756;0,45825115;1,1428674
160;240;24378;0;3795,4688;0,21404682;0,10702341;-0,060622443;-0,15560693
162;242;23894;0;3797;1,3061224;1,3061224;0,7131922;0,7830851
164;244;23290;0;3806;0,22222222;0,22222222;-0,12043336;-0,12043336
166;245;22418;0;3807,25;1,6;0,8;1,1022222;0,46222225
168;248;21325;0;3816,7812;0,20983607;0,3147541;-0,14585327;-0,050911047
170;250;19849;0;3818,0938;1,5238096;1,5238096;1,0011226;0,9211851
172;252;17685;0;3827,4062;0,2147651;0,2147651;-0,14056854;-0,14056854
173;254;14765;0;3829,0312;0,61538464;1,2307693;0,2465351;0,62523335
175;257;9564;0;3830,25;1,6410257;2,4615386;0,84155154;1,009862
175;258;3312;0;3839,4062;0;0,10921501;-0,17922464;-0,25690904
175;258;0;0;3840,625;0;0;0;-0,08961232
176;262;0;0;3841,375;1,3333334;5,3333335;1,7777778;7,111111
176;263;0;20;3850,9688;0;0,104234524;-0,13897938;-0,54505265
176;264;0;92;3852,1875;0;0,82051283;0;0,58771557
176;266;0;140;3853,3125;0;1,7777778;0;0,8509022
176;267;0;212;3861,0938;0;0,12851405;0;-0,21195358
176;269;0;260;3864,0312;0;0,68085104;0;0,18802962
175;270;0;308;3869,9375;-0,16931216;0,16931216;-0,02866661;-0,08660975
175;272;0;332;3873,6562;0;0,53781515;0,04552932;0,099093236
174;273;0;332;3879,9375;-0,15920398;0,15920398;-0,025345907;-0,060276408
174;273;0;308;3883,7812;0;0;0,04141892;-0,04141892
174;273;0;260;3890,0312;0;0;0;0
174;273;0;212;3893,75;0;0;0;0
174;272;0;116;3899,9688;0;-0,16080402;0;-0,025857933
175;271;0;20;3903,75;0,2644628;-0,2644628;0,069940574;-0,027413892
175;271;0;0;3910;0;0;-0,04231405;0,04231405
175;270;0;0;3913,6875;0;-0,27118644;0;-0,07354209
175;269;0;0;3920,0312;0;-0,15763547;0;0,01789966
175;269;19949;0;3923,9062;0;0;0;0,04068012
175;269;22686;0;3932,4375;0;0;0;0
175;269;22686;0;3933,8125;0;0;0;0
175;269;22058;0;3942,7188;0;0;0;0
175;269;21181;0;3943,9375;0;0;0;0
175;269;21181;0;3957;0;0;0;0
179;267;21361;0;3958,0312;3,878788;-1,939394;3,761249;-1,8806245
181;266;21982;0;3967,2188;0,21768707;-0,108843535;-0,39848718;0,19924359
183;264;22506;0;3968,75;1,3061224;-1,3061224;0,71081495;-0,7818964
185;263;22966;0;3970,3438;1,254902;-0,627451;-0,0321383;0,42583305
187;262;23350;0;3979,9062;0,20915033;-0,104575165;-0,10935965;0,054679826
190;260;23726;0;3981,2812;2,1818182;-1,4545455;1,4346676;-0,9817966
192;259;24078;0;3990,9688;0,20645161;-0,103225805;-0,20390882;0,13949107
195;257;24426;0;3992,6875;1,7454545;-1,1636363;0,8954199;-0,6169661
198;256;24678;0;3994,4688;1,6842105;-0,5614035;-0,034382604;0,3380956
201;254;24838;0;4004,3125;0,30476192;-0,2031746;-0,14013447;0,036391508
203;253;24846;0;4005,9062;1,254902;-0,627451;0,5961664;-0,26621264
206;251;24902;0;4015,5938;0,30967742;-0,20645161;-0,09757157;0,043458004
208;250;24902;0;4017,0625;1,3617021;-0,68085104;0,71627206;-0,32299536
211;248;24894;0;4018,4062;2,2325583;-1,4883721;0,648079;-0,6009459
213;247;24890;0;4027,9688;0,20915033;-0,104575165;-0,21159822;0,1447108
215;246;24722;0;4029,9688;1;-0,5;0,39542484;-0,19771242
216;245;24302;0;4038,9688;0,11111111;-0,11111111;-0,09876543;0,043209877
217;244;23746;0;4040,2812;0,7619048;-0,7619048;0,49584278;-0,49584278
218;243;23034;0;4050,625;0,09667674;-0,09667674;-0,06431207;0,06431207
218;241;22138;0;4051,9375;0;-1,5238096;-0,07365847;-1,0873393
218;239;21141;0;4061,375;0;-0,21192053;0;0,1390081
217;237;19637;0;4063,1562;-0,5614035;-1,122807;-0,3151739;-0,5113749
215;235;17429;0;4072,9062;-0,20512821;-0,20512821;0,03654106;0,094120905
213;233;13585;0;4074,4062;-1,3333334;-1,3333334;-0,75213677;-0,75213677
210;230;5884;0;4075,7188;-2,2857144;-2,2857144;-0,7256236;-0,7256236
210;230;0;0;4076,5;0;0;2,9257145;2,9257145
201;226;0;96;4077,3125;-11,076923;-4,923077;-13,633137;-6,0591717
194;223;0;172;4086,4375;-0,7671233;-0,32876712;1,1298411;0,503486
186;219;0;272;4087,7812;-5,9534883;-2,9767442;-3,8596206;-1,9705876
177;215;0;349;4093,9375;-1,461929;-0,6497462;0,7295934;0,37798953
168;212;0;421;4097,7188;-2,3801653;-0,7933884;-0,24283937;-0,037988033
159;208;0;497;4103,9375;-1,4472362;-0,6432161;0,15001877;0,024148319
149;205;0;597;4107,8438;-2,56;-0,768;-0,28486753;-0,03194469
140;202;0;698;4113,9375;-1,4769231;-0,4923077;0,17773569;0,045241814
131;198;0;770;4117,9062;-2,2677166;-1,007874;-0,19925506;-0,12990648
123;195;0;846;4124;-1,3128206;-0,4923077;0,1567009;0,08460576
115;192;0;870;4127,8125;-2,0983605;-0,78688526;-0,20604327;-0,077266246
109;189;0;870;4133,6875;-1,0212766;-0,5106383;0,18333344;0,04702076
103;186;0;894;4137,8438;-1,443609;-0,7218045;-0,10161381;-0,050806906
97;183;0;922;4143,5938;-1,0434783;-0,5217391;0,06958795;0,034793977
91;181;0;922;4147,75;-1,443609;-0,48120302;-0,09627206;0,009753048
85;178;0;946;4153,625;-1,0212766;-0,5106383;0,07188637;-0,00501026
79;175;0;946;4157,75;-1,4545455;-0,72727275;-0,10503489;-0,052517444
74;172;0;946;4163,6562;-0,84656084;-0,50793654;0,1029392;0,03713629
69;169;0;922;4167,75;-1,221374;-0,73282444;-0,09155742;-0,05493445
64;166;0;894;4174,0312;-0,7960199;-0,47761193;0,06771807;0,040630847
61;164;0;870;4178,4062;-0,6857143;-0,45714286;0,02521271;0,0046786442
58;162;0;822;4183,9688;-0,53932583;-0,35955057;0,026317028;0,017544681
56;160;0;798;4187,9688;-0,5;-0,5;0,009831458;-0,03511236
54;160;0;746;4193,7812;-0,34408602;0;0,02682391;0,086021505
53;161;0;698;4197,9375;-0,24060151;0,24060151;0,024898529;0,057889085
52;161;0;645;4203,9688;-0,1658031;0;0,012401808;-0,03989248
51;159;0;573;4207,7188;-0,26666668;-0,53333336;-0,026896954;-0,14222223
50;159;0;497;4214,1562;-0,1553398;0;0,017293494;0,0828479
49;158;0;397;4217,5312;-0,2962963;-0,2962963;-0,041764885;-0,087791495
49;157;0;320;4223,7188;0;-0,16161616;0,04788627;0,021766488
49;157;0;248;4227,6562;0;0;0;0,041045375
49;158;0;172;4233,8125;0;0,16243654;0;0,026385631
50;159;0;96;4237,7812;0,2519685;0,2519685;0,063488126;0,022559233
51;159;0;24;4243,6875;0,16931216;0;-0,0139947245;-0,042661335
52;160;0;0;4247,7812;0,24427481;0,24427481;0,018311486;0,059670184
53;161;0;0;4253,6875;0,16931216;0,16931216;-0,012692088;-0,012692088
54;162;0;0;4257,5625;0,2580645;0,2580645;0,022903832;0,022903832
55;163;0;0;4263,7812;0,16080402;0,16080402;-0,015639877;-0,015639877
55;163;0;0;4268,6875;0;0;-0,032775342;-0,032775342
56;164;12469;0;4273,8438;0,19393939;0,19393939;0,037612487;0,037612487
56;164;14329;0;4283,3438;0;0;-0,020414673;-0,020414673
56;164;14329;0;4284,5312;0;0;0;0
56;164;13517;0;4294,3438;0;0;0;0
56;164;12557;0;4296,4375;0;0;0;0
56;164;11957;0;4297,8438;0;0;0;0
56;164;11957;0;4307,2812;0;0;0;0
56;164;12545;0;4308,5;0;0;0;0
56;164;13349;0;4318,375;0;0;0;0
56;164;14061;0;4319,75;0;0;0;0
56;164;14697;0;4330,0938;0;0;0;0
56;164;15429;0;4331,3438;0;0;0;0
56;164;16157;0;4340,9688;0;0;0;0
56;163;16797;0;4342,2188;0;-0,8;0;-0,64
56;163;17393;0;4343,7188;0;0;0;0,53333336
56;163;17965;0;4353,625;0;0;0;0
57;162;18433;0;4355,2812;0,6037736;-0,6037736;0,36454254;-0,36454254
57;160;18937;0;4366,9062;0;-0,17204301;-0,051937513;0,037138112
57;158;19773;0;4368,0938;0;-1,6842105;0;-1,2734042
57;154;20457;0;4369,4062;0;-3,047619;0;-1,0387875
57;149;20897;0;4378,9062;0;-0,5263158;0;0,26540032
57;144;21273;0;4380,9062;0;-2,5;0;-0,9868421
57;139;21613;0;4390,25;0;-0,53511703;0;0,21028848
56;134;21978;0;4391,9375;-0,5925926;-2,9629629;-0,35116598;-1,4387236
56;128;22378;0;4402,0312;0;-0,5944272;0,058708865;0,23465367
55;122;22646;0;4403,5625;-0,6530612;-3,9183674;-0,42648897;-2,1707366
53;116;22914;0;4404,875;-1,5238096;-4,571429;-0,6634273;-0,49757057
52;110;23190;0;4415,1875;-0,096969694;-0,58181816;0,13836023;0,38687134
51;104;23458;0;4416,3438;-0,8648649;-5,189189;-0,6641256;-3,9847531
49;98;23662;0;4417,9375;-1,254902;-3,764706;-0,24472918;0,8937933
47;91;23974;0;4427,5312;-0,20846905;-0,7296417;0,10907444;0,31635848
46;85;24182;0;4429,7812;-0,44444445;-2,6666667;-0,104877956;-0,86090004
44;79;24290;0;4438,9688;-0,21768707;-0,6530612;0,024681075;0,21916796
42;73;24398;0;4440,5312;-1,28;-3,84;-0,6798802;-2,039641
41;67;24446;0;4451,1875;-0,09384164;-0,56304985;0,11131104;0,30751437
39;62;24494;0;4452,9375;-1,1428572;-2,857143;-0,5994374;-1,3109103
38;57;24494;0;4454,2188;-0,7804878;-3,902439;0,2828249;-0,81584096
37;52;24482;0;4465,0938;-0,09195402;-0,4597701;0,063313454;0,31656724
35;48;24374;0;4466,75;-1,2075472;-2,4150944;-0,6735657;-1,1805731
34;45;24374;0;4468,1562;-0,7111111;-2,1333334;0,3530212;0,20036332
33;41;24374;0;4477,5938;-0,105960265;-0,42384106;0,06412195;0,18113828
32;39;24374;0;4479,6875;-0,47761193;-0,95522386;-0,17750527;-0,25379476
31;37;24278;0;4489,125;-0,105960265;-0,21192053;0,03938031;0,07876062
31;35;24026;0;4490,7188;0;-1,254902;0,06648487;-0,6544198
30;35;23602;0;4500,875;-0,09846154;0;-0,009694675;0,12355958
30;34;22986;0;4502,7188;0;-0,5423729;0,053402867;-0,29416835
30;34;22330;0;4504,1875;0;0;0;0,36927515
30;34;21577;0;4515,4062;0;0;0;0
30;35;20505;0;4517,0938;0;0,5925926;0;0,35116598
29;37;18789;0;4518,4062;-0,7619048;1,5238096;-0,5804989;0,70949864
29;41;14697;0;4528,1875;0;0,40894568;0,07789442;-0,11397969
28;45;8480;0;4530,2188;-0,4923077;1,9692308;-0,24236687;0,7681404
28;49;1;0;4531,4062;0;3,368421;0,4145749;1,1782656
28;49;0;0;4540,6875;0;0;0;-0,36292753
27;58;0;44;4541,8125;-0,8888889;8;-0,79012346;7,111111
27;63;0;92;4543,625;0;2,7586207;0,49042147;-2,8917954
27;69;0;164;4547,7188;0;1,4656489;0;-0,31584045
27;75;0;212;4554,1875;0;0,92753625;0;-0,08318649
27;80;0;284;4557,625;0;1,4545455;0;0,15331177
27;85;0;332;4564,0625;0;0,776699;0;-0,105296545
28;89;0;377;4567,625;0,28070176;1,122807;0,07879347;0,09715313
28;94;0;425;4575;0;0,6779661;-0,038061254;-0,060317412
29;98;0;449;4577,7812;0,35955057;1,4382023;0,1292766;0,27334332
30;102;0;497;4584;0,16080402;0,6432161;-0,031959243;-0,12783697
32;106;0;521;4587,875;0,516129;1,032258;0,09169677;0,10039792
33;110;0;545;4594,3438;0,15458937;0,6183575;-0,055890188;-0,063984625
35;114;0;569;4597,7188;0,5925926;1,1851852;0,12977874;0,16794895
37;118;0;569;4603,9062;0,32323232;0,64646465;-0,043532975;-0,08706595
39;122;0;569;4608,0938;0,47761193;0,95522386;0,036866773;0,073733546
42;126;0;545;4613,875;0,51891893;0,6918919;0,007144995;-0,04554931
44;130;0;497;4617,8125;0,50793654;1,0158731;-0,0027891796;0,082280934
47;134;0;449;4624,2812;0,46376812;0,6183575;-0,0068279672;-0,061451685
49;138;0;377;4628,125;0,5203252;1,0406504;0,0147140315;0,109864816
52;141;0;308;4634,3438;0,48241207;0,48241207;-0,006096581;-0,08976696
55;143;0;236;4638;0,82051283;0,5470086;0,092472;0,01766742
58;146;0;164;4644,4062;0,46829268;0,46829268;-0,054980706;-0,012287359
60;147;0;68;4647,6875;0,60952383;0,30476192;0,043041874;-0,049837947
63;149;0;0;4654,25;0,45714286;0,30476192;-0,023219958;0
64;149;0;0;4658,0938;0,2601626;0;-0,0512469;-0,079287656
65;150;0;0;4663,875;0,17297298;0,17297298;-0,015081447;0,02991965
65;150;0;0;4667,8438;0;0;-0,043583743;-0,043583743
65;150;16561;0;4674,4062;0;0;0;0
65;150;18645;0;4684;0;0;0;0
65;150;18645;0;4685,4062;0;0;0;0
65;150;17877;0;4700,7812;0;0;0;0
65;150;17257;0;4702,4375;0;0;0;0
65;150;16821;0;4703,6562;0;0;0;0
65;150;16821;0;4704,8125;0;0;0;0
65;150;17069;0;4714,8125;0;0;0;0
65;150;17705;0;4716,375;0;0;0;0
65;150;18421;0;4717,9062;0;0;0;0
69;150;19133;0;4727,4375;0,41967213;0;0,044031173;0
71;150;19713;0;4729,5312;0,95522386;0;0,2557859;0
74;151;20309;0;4738,9062;0,32;0,10666667;-0,06775721;0,011377778
76;151;20969;0;4740,5312;1,2307693;0;0,5604734;-0,06564103
79;152;21541;0;4741,9062;2,1818182;0,72727275;0,69167197;0,52892566
82;153;22026;0;4751,75;0,30476192;0,1015873;-0,1906851;-0,0635617
86;154;22466;0;4753,2188;2,7234042;0,68085104;1,6467352;0,39439234
90;155;22838;0;4765,125;0,335958;0,0839895;-0,20052041;-0,050130103
94;156;23154;0;4766,5625;2,7826087;0,6956522;1,7020179;0,42550448
98;157;23370;0;4767,8125;3,2;0,8;0,33391303;0,08347826
102;159;23530;0;4777,6562;0,4063492;0,2031746;-0,28379944;-0,060629886
107;160;23662;0;4779,375;2,909091;0,58181816;1,4561406;0,22030172
111;161;23794;0;4788,7812;0,42524916;0,10631229;-0,2640629;-0,050552122
115;162;23866;0;4790,5625;2,245614;0,5614035;1,0219593;0,25548983
119;163;23950;0;4792,25;2,3703704;0,5925926;0,07392968;0,01848242
124;165;24026;0;4802,0625;0,50955415;0,20382166;-0,18963732;-0,039619967
127;166;24030;0;4803,5938;1,9591837;0,6530612;0,9466968;0,29338095
131;167;24034;0;4814,4688;0,3678161;0,09195402;-0,14633265;-0,05159606
134;168;24038;0;4816,125;1,8113208;0,6037736;0,87155;0,30902314
137;169;24038;0;4826,125;0,3;0,1;-0,15113208;-0,050377358
139;169;23990;0;4828,0312;1,0491803;0;0,39301258;-0,052459016
141;170;23990;0;4829,6562;1,2307693;0,61538464;0,11174708;0,37869823
143;170;23938;0;4838,9062;0,21621622;0;-0,10968141;-0,06652807
144;171;23854;0;4840,4062;0,6666667;0,6666667;0,30030033;0,44444445
145;171;23710;0;4842,0938;0,5925926;0;-0,043895755;-0,39506173
145;171;23274;0;4852,0312;0;0;-0,05963196;0
145;171;22766;0;4853,4062;0;0;0;0
145;171;22222;0;4864,5312;0;0;0;0
145;171;21833;0;4866,0938;0;0;0;0
145;170;21673;0;4875,2812;0;-0,108843535;0;-0,011846916
143;169;21589;0;4876,6562;-1,4545455;-0,72727275;-1,0578513;-0,44976667
141;167;21093;0;4878,3438;-1,1851852;-1,1851852;0,15962093;-0,2713555
139;165;20029;0;4887,5938;-0,21621622;-0,21621622;0,104753405;0,104753405
135;162;18385;0;4889;-2,8444445;-2,1333334;-1,8689623;-1,3632834
131;158;16361;0;4899,5312;-0,37982196;-0,37982196;0,23402944;0,16650553
127;154;13301;0;4901,0938;-2,56;-2,56;-1,3953139;-1,3953139
123;151;7280;0;4902,75;-2,4150944;-1,8113208;0,08749016;0,45203272
119;148;1;0;4904;-3,2;-2,4;-0,62792456;-0,47094345
119;148;0;0;4914,5938;0;0;0,3020649;0,22654869
111;141;0;20;4916,125;-5,2244897;-4,571429;-3,4119117;-2,9854228
105;137;0;44;4917,4062;-4,6829267;-3,121951;0,42268336;1,1312996
100;132;0;108;4921,5938;-1,1940298;-1,1940298;0,8331694;0,46039912
93;127;0;152;4927,4688;-1,1914893;-0,85106385;0,0004324203;0,058377184
87;123;0;220;4931,5312;-1,4769231;-0,9846154;-0,07026062;-0,032874227
82;119;0;288;4938,125;-0,75829387;-0,6066351;0,10898642;0,057324026
78;115;0;308;4941,875;-1,0666667;-1,0666667;-0,08223276;-0,1226751
74;112;0;332;4947,8125;-0,67368424;-0,50526315;0,066186525;0,09455218
70;110;0;332;4951,9375;-0,969697;-0,4848485;-0,07176067;0,0049490063
68;108;0;308;4957,75;-0,34408602;-0,34408602;0,10763199;0,024217201
66;107;0;264;4962,0312;-0,46715328;-0,23357664;-0,028745638;0,02581241
65;106;0;220;4968,0625;-0,1658031;-0,1658031;0,049964797;0,0112370625
65;106;0;176;4971,7188;0;0;0,04534786;0,04534786
64;106;0;88;4978,0938;-0,15686275;0;-0,024605922;0
64;105;0;20;4983;0;-0,20382166;0,031972025;-0,041543268
64;105;0;0;4987,9688;0;0;0;0,04102071
65;105;0;0;4991,9375;0,2519685;0;0,063488126;0
65;106;9156;0;4998,0938;0;0,16243654;-0,040928893;0,026385631
65;106;18613;0;5007,875;0;0;0;-0,01660693
65;106;19317;0;5009,375;0;0;0;0
65;106;19317;0;5019,4375;0;0;0;0
65;106;18281;0;5020,8125;0;0;0;0
65;106;18281;0;5022,1562;0;0;0;0
70;107;18293;0;5032,9375;0,46376812;0,09275363;0,043016173;0,008603235
72;108;18713;0;5034,3125;1,4545455;0,72727275;0,7205654;0,46146843
74;108;19181;0;5044,6875;0,19277108;0;-0,12161681;-0,07009858
76;109;19669;0;5046,125;1,3913044;0,6956522;0,8337623;0,48393196
78;109;20125;0;5055,875;0,20512821;0;-0,12165909;-0,07134894
81;110;20577;0;5057,1562;2,3414633;0,7804878;1,6673836;0,6091612
83;110;21037;0;5058,3438;1,6842105;0;-0,55347604;-0,65725285
86;111;21489;0;5068;0,3106796;0,103559874;-0,14224268;0,010724647
89;111;21829;0;5069,25;2,4;0;1,6714563;-0,0828479
93;112;22242;0;5079,875;0,3764706;0,09411765;-0,19044983;0,008858131
96;113;22642;0;5084,6875;0,6233766;0,20779221;0,051305145;0,023620687
100;114;23090;0;5086,3125;2,4615386;0,61538464;1,1311766;0,2508261
103;115;23490;0;5097,4062;0,27042255;0,09014084;-0,19750905;-0,04734592
107;116;23850;0;5098,625;3,2820513;0,82051283;2,47108;0,5992796
111;117;24034;0;5100,0312;2,8444445;0,7111111;-0,31118706;-0,077796765
115;118;24142;0;5109,3438;0,4295302;0,10738255;-0,25931966;-0,064829916
119;119;24226;0;5111,25;2,0983605;0,52459013;0,875452;0,218863
122;120;24226;0;5114,5312;0,9142857;0,30476192;-0,3608609;-0,06699526
126;121;24222;0;5123,625;0,43986255;0,10996564;-0,052170247;-0,021420896
129;121;24218;0;5125;2,1818182;0;1,2668769;-0,07997501
133;122;24174;0;5134,7188;0,41157556;0,10289389;-0,18214716;0,010587153
136;122;24166;0;5136,125;2,1333334;0;1,2243612;-0,073168986
138;123;24154;0;5137,8125;1,1851852;0,5925926;-0,5618656;0,35116598
141;123;24082;0;5147,1562;0,32107022;0;-0,09248053;-0,06342128
143;123;24034;0;5148,4062;1,6;0;1,0231439;0
144;124;23886;0;5157,8125;0,10631229;0,10631229;-0,15879737;0,0113023035
146;124;23390;0;5159,2812;1,3617021;0;0,85473347;-0,07238284
146;124;22678;0;5169,0625;0;0;-0,13921554;0
147;124;21878;0;5170,375;0,7619048;0;0,5804989;0
147;124;20721;0;5171,875;0;0;-0,50793654;0
147;123;19301;0;5182,5312;0;-0,09384164;0;-0,008806254
147;123;17797;0;5183,875;0;0;0;0,06983564
146;123;16605;0;5193,9062;-0,09968847;0;-0,009937791;0
145;122;15009;0;5195,8438;-0,516129;-0,516129;-0,21493706;-0,26638916
142;121;12069;0;5205,25;-0,31893688;-0,10631229;0,020963948;0,04356856
140;120;4552;0;5206,6875;-1,3913044;-0,6956522;-0,74599475;-0,4099756
140;120;0;0;5207,5312;0;0;1,6489533;0,82447666
134;118;0;0;5216,9375;-0,63787377;-0,21262458;-0,06781382;-0,022604607
132;117;0;0;5218,4062;-1,3617021;-0,68085104;-0,49281928;-0,3187925
128;116;0;24;5219,4688;-3,764706;-0,9411765;-2,2616506;-0,24501216
124;115;0;24;5221,2812;-2,2068965;-0,55172414;0,85948104;0,21487026
121;114;0;52;5228,0312;-0,44444445;-0,14814815;0,26110402;0,059789035
118;113;0;80;5231,375;-0,89719623;-0,2990654;-0,1354024;-0,045134135
115;113;0;104;5237,5938;-0,48241207;0;0,06669896;0,04809092
113;113;0;104;5241,5938;-0,5;0;-0,0043969825;0
112;112;0;104;5248,125;-0,15311004;-0,15311004;0,05311234;-0,023442686
111;112;0;104;5251,875;-0,26666668;0;-0,030281771;0,040829346
110;112;0;80;5257,375;-0,18181819;0;0,015426999;0
110;112;0;52;5261,5312;0;0;0,04374573;0
109;112;0;0;5267,9375;-0,15609756;0;-0,024366448;0
108;112;0;0;5271,875;-0,25396827;0;-0,024856053;0
108;112;0;0;5277,9062;0;0;0,04210873;0
107;112;0;0;5281,375;-0,2882883;0;-0,08311014;0
107;112;0;0;5288,5625;0;0;0,040109675;0
107;112;0;0;5291,375;0;0;0;0
107;111;0;0;5297,75;0;-0,15686275;0;-0,024605922
107;111;0;0;5301,6562;0;0;0;0,040156864
107;111;14845;0;5307,7812;0;0;0;0
107;111;17041;0;5314,9688;0;0;0;0
107;111;17093;0;5321,5938;0;0;0;0
107;111;17093;0;5322,5312;0;0;0;0
107;111;16829;0;5329,2188;0;0;0;0
107;111;16829;0;5335,9375;0;0;0;0
107;111;17073;0;5343,4375;0;0;0;0
107;111;17185;0;5345,0938;0;0;0;0
107;111;17201;0;5351,6875;0;0;0;0
107;111;17397;0;5352,7188;0;0;0;0
107;111;18165;0;5359,3438;0;0;0;0
108;108;19177;0;5366,1875;0,14611872;-0,43835616;0,02135068;-0,064052045
109;106;20205;0;5372,9375;0,14814815;-0,2962963;0,00030065686;0,021045906
110;104;20889;0;5373,7812;1,1851852;-2,3703704;1,2290809;-2,4581618
110;102;21289;0;5380,4375;0;-0,3004695;-0,17805599;0,31097105
111;100;21569;0;5381,375;1,0666667;-2,1333334;1,1377778;-1,9550549
111;98;21874;0;5388,0312;0;-0,3004695;-0,1602504;0,27535984
112;96;22130;0;5395,125;0,14096916;-0,2819383;0,019872304;0,002612324
112;93;22358;0;5401,6562;0;-0,45933014;-0,021583794;-0,027160471
112;91;22590;0;5402,6875;0;-1,939394;0;-1,4352134
112;89;22882;0;5409,5312;0;-0,29223743;0;0,24068041
112;86;23218;0;5416,5;0;-0,43049327;0;-0,019839402
112;83;23510;0;5417,5938;0;-2,7428572;0;-2,1141613
112;80;23690;0;5424,625;0;-0,42666668;0;0,32941377
112;77;23846;0;5432,0938;0;-0,40167364;0;0,0033463475
112;74;23994;0;5433,3438;0;-2,4;0;-1,5986612
112;71;24114;0;5441,7188;0;-0,35820895;0;0,24379596
112;67;24222;0;5442,6875;0;-4,129032;0;-3,8924627
111;64;24342;0;5450,125;-0,13445379;-0,40336135;-0,01807782;0,50093055
111;61;24354;0;5456,8438;0;-0,44651163;0,020011727;-0,0064223665
111;57;24426;0;5457,75;0;-4,413793;0;-4,37769
111;54;24430;0;5465,0312;0;-0,41201717;0;0,5496001
110;51;24502;0;5466;-1,032258;-3,096774;-1,0655566;-2,771362
110;49;24514;0;5472,8125;0;-0,29357797;0,15152411;0,41147834
110;47;24522;0;5479,8438;0;-0,28444445;0;0,0012989892
110;46;24522;0;5486,6875;0;-0,14611872;0;0,02021198
110;45;24514;0;5487,625;0;-1,0666667;0;-0,9819179
110;45;24430;0;5494,4688;0;0;0;0,15585998
110;44;24346;0;5502,4062;0;-0,12598425;0;-0,015872031
110;44;24238;0;5503,4375;0;0;0;0,122166544
110;44;24094;0;5510,9062;0;0;0;0
110;44;23946;0;5512;0;0;0;0
110;44;23850;0;5519;0;0;0;0
110;44;23778;0;5525,6562;0;0;0;0
110;44;23598;0;5527,0312;0;0;0;0
110;44;23378;0;5533,6562;0;0;0;0
110;44;23162;0;5541,4062;0;0;0;0
110;44;22934;0;5542,4688;0;0;0;0
110;44;22714;0;5549,4375;0;0;0;0
110;44;22410;0;5556,375;0;0;0;0
110;45;22062;0;5557,3125;0;1,0666667;0;1,1377778
110;45;21537;0;5565,25;0;0;0;-0,13438322
109;45;20833;0;5566,4375;-0,84210527;0;-0,70914125;0
109;46;19633;0;5574,125;0;0,1300813;0,10954215;0,016921144
108;48;17813;0;5581,3438;-0,13852814;0,27705628;-0,019190045;0,02036017
106;50;15613;0;5582,4688;-1,7777778;1,7777778;-1,4571109;1,3339746
105;52;13233;0;5589,5;-0,14222223;0,28444445;0,23261234;-0,21238519
104;54;10160;0;5596,4062;-0,14479639;0,28959277;-0,00037272915;0,0007454583
103;56;6012;0;5597,6562;-0,8;1,6;-0,5241629;1,0483258
102;58;2732;0;5604,625;-0,14349777;0,28699553;0,0942066;-0,1884132
102;58;0;0;5605,6875;0;0;0,13505672;-0,27011344
100;61;0;0;5606,7188;-1,939394;2,909091;-1,8806245;2,8209367
99;62;0;20;5613,75;-0,14222223;0,14222223;0,25559777;-0,39351022
99;63;0;68;5615,5938;0;0,5423729;0,07713748;0,21703087
98;64;0;112;5622,125;-0,15311004;0,15311004;-0,023442686;-0,059600055
96;65;0;180;5625,6875;-0,5614035;0,28070176;-0,1146087;0,035815217
95;66;0;224;5631,8438;-0,16243654;0,16243654;0,06480682;-0,019210592
93;67;0;248;5635,5312;-0,5423729;0,27118644;-0,10303358;0,029491497
92;68;0;292;5642;-0,15458937;0,15458937;0,05994721;-0,018024668
91;69;0;316;5645,6875;-0,27118644;0,27118644;-0,031619545;0,031619545
89;70;0;341;5652;-0,31683168;0,15841584;-0,0072309286;-0,01786465
88;71;0;361;5655,5938;-0,27826086;0,27826086;0,01073275;0,03334818
87;71;0;361;5661,875;-0,15920398;0;0,01895433;-0,044300236
87;72;0;361;5665,5625;0;0,27118644;0,04317396;0,07354209
86;72;0;316;5671,9375;-0,15686275;0;-0,024605922;-0,04253905
86;73;0;292;5675,8125;0;0,2580645;0,04048071;0,06659729
86;73;0;224;5681,9375;0;0;0;-0,04213298
86;74;0;180;5685,5;0;0,28070176;0;0,07879347
86;74;0;112;5691,7812;0;0;0;-0,044688836
86;75;0;44;5696,9062;0;0,19512194;0;0,038072575
86;75;0;0;5701,8125;0;0;0;-0,039770078
86;76;0;0;5705,75;0;0,25396827;0;0,06449988
86;76;14161;0;5711,8438;0;0;0;-0,041676845
86;76;18165;0;5721,375;0;0;0;0
86;76;18365;0;5722,8125;0;0;0;0
86;76;18365;0;5731,9375;0;0;0;0
86;76;17945;0;5733,2188;0;0;0;0
86;76;17945;0;5743,8438;0;0;0;0
86;76;17969;0;5745,5938;0;0;0;0
86;76;18573;0;5746,7188;0;0;0;0
86;76;19177;0;5753,5938;0;0;0;0
82;76;19641;0;5760,5;-0,57918555;0;-0,08386397;0
82;76;20069;0;5761,9688;0;0;0,39433908;0
81;75;20645;0;5768,9062;-0,14414415;-0,14414415;-0,020777535;-0,020777535
81;75;21121;0;5776,4688;0;0;0,019060383;0,019060383
80;74;21521;0;5777,875;-0,7111111;-0,7111111;-0,505679;-0,505679
80;72;21753;0;5784,9688;0;-0,2819383;0,10024474;0,060500134
79;70;21862;0;5786,4688;-0,6666667;-1,3333334;-0,44444445;-0,70093006
78;67;21862;0;5794,2812;-0,128;-0,384;0,068949334;0,12151467
77;65;21870;0;5795,4688;-0,84210527;-1,6842105;-0,6013518;-1,0949141
77;62;21878;0;5802,3438;0;-0,43636364;0,12248804;0,181505
76;59;21882;0;5809,25;-0,14479639;-0,43438914;-0,020965993;0,00028589947
75;56;21882;0;5816,5;-0,13793103;-0,41379312;0,00094694516;0,0028408314
75;54;21833;0;5818,125;0;-1,2307693;0,084880635;-0,50275457
74;51;21785;0;5825,2188;-0,14096916;-0,4229075;-0,019872304;0,1138836
74;49;21661;0;5826,5;0;-1,5609756;0,110024706;-0,88824826
73;48;21297;0;5833,9062;-0,13502109;-0,13502109;-0,018230695;0,19253394
73;47;20809;0;5840,9062;0;-0,14285715;0,019288728;-0,0011194369
73;47;20101;0;5842,1875;0;0;0;0,11149827
73;47;19061;0;5849,125;0;0;0;0
74;47;17605;0;5856,0938;0,14349777;0;0,020591607;0
75;47;15805;0;5857,1875;0,9142857;0;0,70472044;0
77;48;14137;0;5865,0938;0,25296444;0,12648222;-0,08364538;0,01599775
80;50;11993;0;5866,25;2,5945945;1,7297298;2,0251935;1,3865925
82;53;7876;0;5873,9062;0,26122448;0,39183673;-0,30476668;-0,1747452
84;56;2652;0;5881,375;0,26778242;0,40167364;0,00087805075;0,0013170762
84;56;0;0;5882,6875;0;0;-0,2040247;-0,30603707
88;60;0;0;5883,7188;3,878788;3,878788;3,761249;3,761249
90;63;0;0;5890,7812;0,28318584;0,42477876;-0,5091118;-0,48906326
93;66;0;0;5892,0312;2,4;2,4;1,6934513;1,5801771
96;69;0;0;5895,4375;0,88073397;0,88073397;-0,44602308;-0,44602308
100;72;0;0;5902;0,60952383;0,45714286;-0,041327257;-0,06454722
103;75;0;0;5905,7188;0,8067227;0,8067227;0,053028267;0,09400466
106;77;0;20;5911,75;0,4974093;0,3316062;-0,05128512;-0,07877579
109;79;0;20;5915,9688;0,7111111;0,47407407;0,050655246;0,03377016
112;81;0;44;5921,9062;0,50526315;0,33684212;-0,034669135;-0,02311275
115;83;0;44;5925,875;0,7559055;0,503937;0,06315398;0,04210265
118;84;0;44;5935,7188;0,30476192;0,1015873;-0,04583046;-0,04087362
121;85;0;20;5936,6875;3,096774;1,032258;2,8820772;0,96069235
124;87;0;0;5941,7812;0,5889571;0,39263803;-0,4923322;-0,12556957
126;87;0;0;5945,5625;0,5289256;0;-0,015876092;-0,10383815
128;88;0;0;5951,7188;0,3248731;0,16243654;-0,033145584;0,026385631
129;88;0;0;5955,5938;0,2580645;0;-0,017240925;-0,04191911
129;88;12705;0;5961,8438;0;0;-0,04129032;0
129;88;17545;0;5970,1562;0;0;0;0
129;88;18513;0;5977,3125;0;0;0;0
129;88;18609;0;5978,3438;0;0;0;0
129;88;18721;0;5985,6562;0;0;0;0
129;88;19213;0;5987,0938;0;0;0;0
129;88;20045;0;5994,0938;0;0;0;0
130;84;20681;0;6000,9688;0,14545454;-0,58181816;0,021157024;-0,0846281
130;82;20949;0;6008;0;-0,28444445;-0,020686869;0,04229315
131;80;21085;0;6009,1562;0,8648649;-1,7297298;0,74799126;-1,2499765
132;78;21181;0;6016,125;0,14349777;-0,28699553;-0,10351457;0,20702913
132;76;21289;0;6017,3438;0;-1,6410257;-0,117741756;-1,1109991
132;74;21373;0;6024,4688;0;-0,28070176;0;0,19092265
133;72;21461;0;6025,625;0,8648649;-1,7297298;0,74799126;-1,2532134
134;71;21461;0;6032,9062;0,13733906;-0,13733906;-0,09991771;0,21869744
134;69;21461;0;6039,75;0;-0,29223743;-0,020067807;-0,022633553
135;68;21361;0;6047,125;0,13559322;-0,13559322;0,018385522;0,021239894
135;67;21169;0;6048,5625;0;-0,6956522;-0,09432572;-0,38960624
136;66;20497;0;6055,2188;0,15023474;-0,15023474;0,022570478;0,08194064
137;66;19433;0;6056,3125;0,9142857;0;0,6985609;0,13735747
138;66;18093;0;6063,6562;0,13617021;0;-0,10595615;0
139;67;16301;0;6071,2188;0,1322314;0,1322314;-0,00052083423;0,017485144
141;68;13761;0;6072,3438;1,7777778;0,8888889;1,462708;0,6725844
142;70;9216;0;6079,6562;0,13675214;0,2735043;-0,22441377;-0,08415516
143;72;3908;0;6080,625;1,032258;2,064516;0,9243932;1,8487864
143;72;0;0;6081,7188;0;0;-0,94377875;-1,8875575
144;78;0;20;6088,7812;0,14159292;0,8495575;0,020048555;0,12029133
144;82;0;44;6091,4375;0;1,5058824;-0,05330557;0,247087
145;86;0;92;6095,625;0,23880596;0,95522386;0,05702829;-0,13150054
145;92;0;140;6101,75;0;0,97959185;-0,038988728;0,003978447
146;96;0;212;6105,625;0,2580645;1,032258;0,06659729;0,013591274
146;101;0;284;6112,3125;0;0,74766356;-0,038589086;-0,04255618
147;107;0;353;6115,6875;0,2962963;1,7777778;0,087791495;0,30521902
147;112;0;401;6121,9062;0;0,8040201;-0,047645636;-0,15658414
149;117;0;449;6125,625;0,53781515;1,3445379;0,14462256;0,14534931
150;122;0;473;6131,7188;0,16410257;0,82051283;-0,061327197;-0,08599385
152;127;0;497;6135,625;0,512;1,28;0,08906175;0,11762871
154;132;0;497;6141,7812;0,3248731;0,8121827;-0,030396253;-0,07599062
157;138;0;497;6145,4375;0,82051283;1,6410257;0,13555959;0,22669208
159;142;0;473;6152;0,30476192;0,60952383;-0,07859061;-0,15718122
162;147;0;449;6155,375;0,8888889;1,4814814;0,17307465;0,2583578
165;151;0;401;6161,7812;0,46829268;0,62439024;-0,06565404;-0,13378984
168;155;0;377;6165,625;0,7804878;1,0406504;0,08122149;0,108295314
171;159;0;332;6169,5938;0,7559055;1,007874;-0,006193957;-0,008258609
174;162;0;284;6175,9688;0,47058824;0,47058824;-0,04475565;-0,084280126
176;165;0;236;6179,5938;0,55172414;0,82758623;0,022382317;0,09848221
179;168;0;188;6185,9688;0,47058824;0,47058824;-0,0127272;-0,055999685
181;169;0;140;6189,5625;0,5565217;0,27826086;0,023911923;-0,053517185
183;171;0;68;6196,0938;0,30622008;0,30622008;-0,038323693;0,0042808386
184;172;0;20;6199,5938;0,2857143;0,2857143;-0,005858796;-0,005858796
184;172;0;0;6207,0312;0;0;-0,03841537;-0,03841537
185;173;0;0;6209,5625;0,39506173;0,39506173;0,15607376;0,15607376
185;173;15909;0;6216,0312;0;0;-0,061072346;-0,061072346
185;173;18673;0;6225,6562;0;0;0;0
185;173;18965;0;6227,1875;0;0;0;0
185;173;18965;0;6237,25;0;0;0;0
185;173;18941;0;6238,3125;0;0;0;0
185;173;18941;0;6239,5625;0;0;0;0
185;173;19457;0;6251,5;0;0;0;0
185;173;19861;0;6252,9688;0;0;0;0
185;173;19973;0;6263,25;0;0;0;0
185;173;20069;0;6264,8438;0;0;0;0
185;173;20329;0;6266,0312;0;0;0;0
185;169;20865;0;6275,2188;0;-0,43537414;0;-0,047387663
186;167;21765;0;6276,9688;0,5714286;-1,1428572;0,32653064;-0,40427604
186;164;22530;0;6286,0938;0;-0,32876712;-0,06262231;0,08921535
187;160;23062;0;6287,5938;0,6666667;-2,6666667;0,44444445;-1,5585998
187;157;23486;0;6296,8125;0;-0,32542372;-0,072316386;0,25396535
187;153;23834;0;6298,4375;0;-2,4615386;0;-1,3145322
187;150;24102;0;6299,5625;0;-2,6666667;0;-0,18233617
187;146;24390;0;6308,5938;0;-0,4429066;0;0,2462295
188;142;24606;0;6310,2812;0,5925926;-2,3703704;0,35116598;-1,1422007
188;138;24862;0;6319,5312;0;-0,43243244;-0,06406406;0,20950681
188;133;25210;0;6320,75;0;-4,1025643;0;-3,0113902
188;128;25750;0;6330,0312;0;-0,53872055;0;0,38398317
187;122;26174;0;6331,3438;-0,7619048;-4,571429;-0,5804989;-3,0725396
187;117;26438;0;6340,6875;0;-0,53511703;0,08154165;0,43197984
187;110;26630;0;6342,25;0;-4,48;0;-2,524725
187;104;26774;0;6351,7188;0;-0,63366336;0;0,40621376
186;97;26918;0;6353,0625;-0,74418604;-5,2093024;-0,55381286;-3,4051268
186;90;27026;0;6362,9688;0;-0,7066246;0,07512288;0,454529
186;83;27074;0;6364,3438;0;-5,090909;0;-3,1885705
186;76;27122;0;6373,7188;0;-0,74666667;0;0,46338582
185;68;27130;0;6375,375;-0,6037736;-4,8301888;-0,36454254;-2,4655225
185;61;27142;0;6377,3125;0;-3,612903;0,3116251;0,62827647
184;54;27154;0;6386,375;-0,11034483;-0,7724138;-0,012175981;0,31343332
184;46;27154;0;6387,5938;0;-6,5641026;0,09053934;-4,752155
184;39;27166;0;6397,5625;0;-0,70219433;0;0,58802843
183;32;27202;0;6398,9062;-0,74418604;-5,2093024;-0,55381286;-3,354127
183;25;27206;0;6400,1562;0;-5,6;0,59534883;-0,312558
183;19;27206;0;6416,6562;0;-0,36363637;0;0,31735536
183;14;27158;0;6423,625;0;-0,71748877;0;-0,050777026
182;10;27050;0;6425,125;-0,6666667;-2,6666667;-0,44444445;-1,299452
182;7;26834;0;6426,625;0;-2;0,44444445;0,4444445
182;5;26558;0;6428,5625;0;-1,032258;0;0,4994797
182;4;26210;0;6429,9375;0;-0,72727275;0;0,22180748
182;4;25714;0;6437;0;0;0;0,10297667
182;4;24922;0;6445,0312;0;0;0;0
183;5;23642;0;6446,125;0,9142857;0,9142857;0,83591837;0,83591837
184;7;21301;0;6453,5625;0,13445379;0,26890758;-0,10485136;-0,08677353
184;12;18241;0;6461,0312;0;0,66945606;-0,01800218;0,053629924
185;17;12165;0;6462;1,032258;5,16129;1,0655566;4,636732
184;24;316;0;6462,9062;-1,1034483;7,724138;-2,3566415;2,8279698
184;24;0;0;6470,0625;0;0;0,15419364;-1,0793555
180;37;0;168;6471,1875;-3,5555556;11,555555;-3,1604939;10,271605
177;47;0;397;6476,3125;-0,58536583;1,9512196;0,57954925;-1,8740168
174;56;0;621;6479,5312;-0,93203884;2,7961166;-0,10770424;0,26249227
171;67;0;794;6485,8125;-0,47761193;1,7512438;0,072346576;-0,1663479
169;75;0;934;6489,8125;-0,5;2;-0,0055970177;0,062189043
166;83;0;990;6495,8438;-0,4974093;1,3264248;0,0004295438;-0,11168086
166;83;0;990;6500,0625;0;0;0,11790443;-0,31441182
264;351;0;1023;6877,6875;0,25951672;0,7096988;0,0006872339;0,0018793745
264;351;0;1023;6881,5;0;0;-0,06806996;-0,1861505
261;349;0;1023;6888,25;-0,44444445;-0,2962963;-0,06584362;-0,043895748
261;349;0;1023;6892,3125;0;0;0,10940171;0,07293447
258;346;0;1023;6898,25;-0,50526315;-0,50526315;-0,08509695;-0,08509695
256;344;0;1023;6902,2812;-0,49612403;-0,49612403;0,0022670687;0,0022670687
254;345;0;1023;6908,375;-0,32820514;0,16410257;0,02755592;0,108344875
254;345;0;1023;6911,5;0;0;0,10502564;-0,05251282
255;344;0;1023;6917,6562;0,16243654;-0,16243654;0,026385631;-0,026385631
255;344;0;1023;6929,9062;0;0;-0,013260126;0,013260126
255;344;0;1023;6931,0938;0;0;0;0
254;344;0;1023;6931,875;-1,28;0;-1,6384;0
254;344;0;1023;6936,1562;0;0;0,2989781;0
253;344;0;1023;6948,4062;-0,08163265;0;-0,00666389;0
251;344;0;1023;6949,5312;-1,7777778;0;-1,5076846;0
251;343;0;1023;6952,0312;0;-0,4;0,7111111;-0,16
251;343;0;1023;6956,0938;0;0;0;0,09846154
250;343;0;1023;6962,0625;-0,16753927;0;-0,028069407;0
250;344;0;1023;6966,0938;0;0,24806201;0,04156013;0,061534762
249;346;0;990;6971,9375;-0,171123;0,342246;-0,02928308;0,016117046
249;348;0;990;6975,8125;0;0,516129;0,044160772;0,044873036
249;350;0;990;6981,9062;0;0,32820514;0;-0,03083879
248;352;0;962;6985,6875;-0,2644628;0,5289256;-0,069940574;0,053083096
248;354;0;962;6992;0;0,31683168;0,041895095;-0,033599038
247;354;0;962;6995,625;-0,27586207;0;-0,07609988;-0,087401845
247;355;0;934;7001,8125;0;0,16161616;0,044583768;0,026119784
247;355;0;934;7008,0625;0;0;0;-0,025858587
246;355;0;906;7011,5312;-0,2882883;0;-0,08311014;0
246;355;0;878;7015,6875;0;0;0,069362596;0
245;355;0;850;7022,8438;-0,139738;0;-0,019526707;0
245;354;0;850;7025,5938;0;-0,36363637;0,050813816;-0,13223141
243;354;0;822;7032;-0,31219512;0;-0,048732895;0,05676275
241;354;0;794;7035,75;-0,53333336;0;-0,058970198;0
238;355;0;766;7042,0312;-0,47761193;0,15920398;0,008871074;0,025345907
234;355;0;766;7045,6875;-1,0940171;0;-0,16858947;-0,043542966
231;355;0;738;7051,7188;-0,4974093;0;0,09891943;0
229;355;0;710;7055,8438;-0,4848485;0;0,003045046;0
228;355;0;682;7061,9375;-0,16410257;0;0,052635234;0
226;355;0;621;7065,75;-0,52459013;0;-0,09455412;0
224;356;0;593;7071,9688;-0,32160804;0,16080402;0,032640338;0,025857933
223;356;0;565;7075,75;-0,2644628;0;0,01511279;-0,04252668
221;356;0;537;7081,5938;-0,342246;0;-0,013310494;0
220;356;0;509;7085,9062;-0,23188406;0;0,025591172;0
218;355;0;481;7091,9375;-0,3316062;-0,1658031;-0,016534243;-0,02749067
216;354;0;453;7095,75;-0,52459013;-0,26229507;-0,050618734;-0,025309367
215;353;0;425;7102,0938;-0,15763547;-0,15763547;0,057845075;0,016498065
213;351;0;397;7105,7812;-0,5423729;-0,5423729;-0,10433558;-0,10433558
212;350;0;369;7111,9375;-0,16243654;-0,16243654;0,061715547;0,061715547
210;349;0;341;7116,0312;-0,48854962;-0,24427481;-0,07966121;-0,019991027
209;348;0;308;7121,6562;-0,17777778;-0,17777778;0,055248324;0,011821694
208;347;0;280;7125,875;-0,23703703;-0,23703703;-0,014046637;-0,014046637
207;347;0;252;7132,0625;-0,16161616;0;0,012189232;0,038309015
206;347;0;252;7135,6562;-0,27826086;0;-0,032457653;0
206;347;0;224;7141,875;0;0;0,044745464;0
205;346;0;224;7145,7188;-0,2601626;-0,2601626;-0,067684576;-0,067684576
204;346;0;224;7151,9375;-0,16080402;0;0,015977258;0,04183519
204;346;0;224;7155,6562;0;0;0,043241415;0
204;347;0;224;7161,9688;0;0,15841584;0;0,025095578
203;347;0;224;7165,6875;-0,26890758;0;-0,07231128;-0,042599216
203;348;0;224;7171,9375;0;0,16;0,04302521;0,0256
203;349;0;196;7175,7812;0;0,2601626;0;0,026058562
203;349;0;196;7181,9688;0;0;0;-0,04204648
203;350;0;168;7185,6562;0;0,27118644;0;0,07354209
203;350;0;140;7191,9688;0;0;0;-0,042960227
204;351;0;140;7195,6875;0,26890758;0,26890758;0,07231128;0,07231128
204;351;0;112;7201,9375;0;0;-0,04302521;-0,04302521
205;351;0;84;7205,7812;0,2601626;0;0,067684576;0
206;352;0;56;7211,9375;0,16243654;0,16243654;-0,015874282;0,026385631
207;352;0;28;7215,6875;0,26666668;0;0,027794702;-0,043316413
207;352;0;0;7222,0312;0;0;-0,042036127;0
208;352;0;0;7226,8438;0,20779221;0;0,0431776;0
208;352;0;0;7232,0312;0;0;-0,04005633;0
208;352;0;0;7236;0;0;0;0
209;351;0;0;7242,375;0,15686275;-0,15686275;0,024605922;-0,024605922
209;351;0;0;7245,7188;0;0;-0,046912223;0,046912223
209;351;0;0;7252,3125;0;0;0;0
209;350;0;0;7255,7188;0;-0,29357797;0;-0,086188026
210;350;0;0;7262,1562;0,1553398;0;0,024130456;0,045604344
210;350;0;0;7265,6875;0;0;-0,043990035;0
210;350;0;0;7272,0625;0;0;0;0
210;351;0;0;7275,6875;0;0,27586207;0;0,07609988
210;351;0;0;7277,125;0;0;0;-0,19190405
211;351;0;0;7281,9688;0,20645161;0;0,04262227;0
211;352;0;0;7285,625;0;0,2735043;-0,0564654;0,07480459
211;352;0;0;7291,9375;0;0;0;-0,043327413
212;352;0;0;7295,625;0,27118644;0;0,07354209;0
212;353;0;20;7302;0;0,15686275;-0,04253905;0,024605922
212;353;0;44;7305,625;0;0;0;-0,043272484
212;354;0;68;7311,9062;0;0,15920398;0;0,025345907
213;354;0;92;7315,6562;0,26666668;0;0,07111111;-0,042454395
213;354;0;140;7322;0;0;-0,042036127;0
213;355;0;188;7326,0312;0;0,24806201;0;0,061534762
213;355;0;236;7332,125;0;0;0;-0,040707614
213;355;0;284;7336;0;0;0;0
213;355;0;332;7342,125;0;0;0;0
214;355;0;377;7345,6562;0,28318584;0;0,08019422;0
214;356;0;425;7352,0625;0;0,15609756;-0,04420462;0,024366448
214;356;0;473;7355,625;0;0;0;-0,04381686
214;357;0;521;7362,1875;0;0,15238096;0;0,023219956
214;357;0;569;7365,5625;0;0;0;-0,045149915
214;358;0;641;7371,9375;0;0,15686275;0;0,024605922
214;359;0;686;7375,5625;0;0,27586207;0;0,0328274
214;359;0;758;7382,0625;0;0;0;-0,042440318
214;360;0;806;7385,5938;0;0,28318584;0;0,08019422
214;360;0;830;7391,9375;0;0;0;-0,04464013
214;361;0;878;7395,5938;0;0,2735043;0;0,07480459
215;362;0;902;7401,9062;0,15841584;0,15841584;0,025095578;-0,018231833
215;362;0;926;7405,4688;0;0;-0,044467606;-0,044467606
215;364;0;950;7411,9688;0;0,30769232;0;0,04733728
215;364;0;974;7415,7812;0;0;0;-0,08070618
215;364;0;998;7422,1562;0;0;0;0
215;364;0;998;7425,875;0;0;0;0
215;364;0;1023;7434,9688;0;0;0;0
215;364;0;1023;7438,9062;0;0;0;0
215;365;0;1023;7444,5625;0;0,17679559;0;0,03125668
215;365;0;1023;7445,625;0;0;0;-0,16639584
215;366;0;1023;7452,125;0;0,15384616;0;0,02366864
215;366;0;1023;7455,5;0;0;0;-0,04558405
215;367;0;1023;7462,0938;0;0,15165877;0;0,023000382
215;367;0;1023;7465,5625;0;0;0;-0,04372145
215;368;0;1023;7471,9062;0;0,15763547;0;0,02484894
215;368;0;1023;7475,6875;0;0;0;-0,041688718
215;368;0;1023;7481,9375;0;0;0;0
215;369;0;1023;7485,8125;0;0,2580645;0;0,06659729
215;369;0;1023;7491,9375;0;0;0;-0,04213298
215;369;0;1023;7495,625;0;0;0;0
215;369;0;1023;7501,7812;0;0;0;0
215;370;0;1023;7505,8438;0;0,24615385;0;0,060591716
215;370;0;1023;7511,9375;0;0;0;-0,040394478
215;370;0;1023;7515,6562;0;0;0;0
215;370;0;1023;7521,9062;0;0;0;0
215;371;0;1023;7525,7188;0;0,26229507;0;0,068798706
215;371;0;1023;7536,25;0;0;0;-0,024906356
215;371;0;1023;7539,9688;0;0;0;0
215;371;0;1023;7541,7188;0;0;0;0
215;371;0;1023;7545,8438;0;0;0;0
215;371;0;1023;7552;0;0;0;0
215;372;0;1023;7555,6875;0;0,27118644;0;0,07354209
215;372;0;1023;7561,9375;0;0;0;-0,04338983
215;372;0;1023;7565,9375;0;0;0;0
215;372;0;1023;7572;0;0;0;0
215;372;0;1023;7575,7812;0;0;0;0
215;372;0;1023;7582;0;0;0;0
215;372;0;1023;7585,7188;0;0;0;0
216;372;0;1023;7592;0,15920398;0;0,025345907;0
216;371;0;1023;7596,0312;0;-0,24806201;-0,039492458;-0,061534762
216;371;0;1023;7601,9688;0;0;0;0,041778866
216;371;0;1023;7605,7188;0;0;0;0
216;371;0;1023;7612;0;0;0;0
216;370;0;1023;7615,5625;0;-0,28070176;0;-0,07879347
216;370;0;1023;7621,9375;0;0;0;0,04403165
216;370;0;1023;7625,7188;0;0;0;0
216;369;0;1023;7632,0625;0;-0,15763547;0;-0,02484894
216;369;0;1023;7635,6562;0;0;0;0,04386378
216;369;0;1023;7641,9688;0;0;0;0
216;369;0;1023;7645,75;0;0;0;0
216;369;0;1023;7651,9375;0;0;0;0
216;368;0;1023;7655,9375;0;-0,25;0;-0,0625
216;368;0;1023;7662;0;0;0;0,041237112
216;368;0;1023;7665,6875;0;0;0;0
216;368;0;1023;7671,8438;0;0;0;0
217;368;0;998;7675,7188;0,2580645;0;0,06659729;0
217;368;0;998;7681,9688;0;0;-0,04129032;0
217;367;0;998;7685,7812;0;-0,26229507;0;-0,068798706
217;367;0;974;7692,0312;0;0;0;0,04196721
218;367;0;974;7695,9062;0,2580645;0;0,06659729;0
218;367;0;974;7701,9688;0;0;-0,042567343;0
218;367;0;974;7705,625;0;0;0;0
218;367;0;974;7711,9375;0;0;0;0
219;367;0;974;7715,6875;0,26666668;0;0,07111111;0
219;367;0;974;7722,0312;0;0;-0,042036127;0
219;367;0;974;7725,5938;0;0;0;0
220;367;0;974;7731,9062;0,15841584;0;0,025095578;0
220;367;0;950;7736,6875;0;0;-0,033132724;0
221;367;0;950;7742,0938;0,1849711;0;0,034214307;0
222;367;0;950;7745,9062;0,26229507;0;0,020281699;0
222;367;0;950;7752;0;0;-0,043043293;0
223;367;0;950;7755,6875;0,27118644;0;0,07354209;0
224;367;0;950;7759,7188;0,24806201;0;-0,005736292;0
226;367;0;950;7765,75;0,3316062;0;0,013851888;0
227;368;0;950;7769,6875;0,25396827;0,25396827;-0,019717572;0,06449988
229;368;0;950;7775,9062;0,32160804;0;0,010876747;-0,040839117
231;369;0;950;7779,6562;0,53333336;0,26666668;0,056460086;0,07111111
233;369;0;950;7785,9375;0,31840795;0;-0,03421698;-0,042454395
235;370;0;950;7789,6875;0,53333336;0,26666668;0,057313442;0,07111111
237;370;0;950;7795,9688;0,31840795;0;-0,03421698;-0,042454395
239;371;0;950;7799,7188;0,53333336;0,26666668;0,057313442;0,07111111
240;372;0;950;7805,9375;0,16080402;0,16080402;-0,059904214;-0,017023142
242;373;0;950;7809,5938;0,5470086;0,2735043;0,105628595;0,030824006
244;374;0;950;7816;0,31219512;0,15609756;-0,036653806;-0,018326903
245;375;0;950;7819,7188;0,26890758;0,26890758;-0,0116403485;0,030335467
247;377;0;950;7825,75;0,3316062;0,3316062;0,010395628;0,010395628
249;378;0;950;7829,6562;0,512;0,256;0,04618082;-0,019355187
251;378;0;950;7835,5625;0,33862433;0;-0,029354615;-0,043343917
254;379;0;974;7839,7812;0,7111111;0,23703703;0,088293165;0,056186557
255;381;0;974;7845,8438;0,16494845;0,3298969;-0,09008869;0,015317091
257;382;0;974;7849,5938;0,53333336;0,26666668;0,09823597;-0,01686139
259;384;0;974;7855,8125;0,32160804;0,32160804;-0,034046285;0,008834791
262;385;0;974;7859,75;0,7619048;0,25396827;0,11182139;-0,017178353
263;386;0;974;7865,9062;0,16243654;0,16243654;-0,09737555;-0,014868097
265;386;0;974;7869,875;0,503937;0;0,08604736;-0,040928893
267;386;0;974;7876,2188;0,31527093;0;-0,029740466;0
269;386;0;974;7879,7188;0,5714286;0;0,0731879;0
270;386;0;974;7886,2812;0,15238096;0;-0,06385488;0
272;387;0;974;7889,6875;0,58715594;0,29357797;0,12764037;0,086188026
273;387;0;974;7896,25;0,15238096;0;-0,06625143;-0,04473569
274;387;0;974;7899,625;0,2962963;0;0,042641584;0
274;388;0;974;7905,7188;0;0,16410257;-0,04862298;0,026929652
274;389;0;974;7909,7188;0;0,25;0;0,021474358
274;389;0;974;7916,25;0;0;0;-0,03827751
273;390;0;974;7919,8125;-0,28070176;0,28070176;-0,07879347;0,07879347
273;391;0;974;7926,25;0;0,1553398;0,043604158;-0,019473702
274;391;0;950;7929,8125;0,28070176;0;0,07879347;-0,043604158
274;391;0;950;7936,4688;0;0;-0,042171154;0
274;392;0;950;7940,7812;0;0,23188406;0;0,053770218
275;392;0;950;7945,9375;0,19393939;0;0,037612487;-0,044971455
275;392;0;950;7949,7812;0;0;-0,050455775;0
275;392;0;950;7955,9688;0;0;0;0
275;392;0;950;7959,6875;0;0;0;0
275;392;0;950;7965,9688;0;0;0;0
274;392;0;950;7969,625;-0,2735043;0;-0,07480459;0
272;392;0;950;7975,8125;-0,32323232;0;-0,008036855;0
270;392;0;950;7979,5312;-0,53781515;0;-0,057702947;0
267;391;0;950;7985,8125;-0,47761193;-0,15920398;0,009584593;-0,025345907
264;390;0;950;7990,0625;-0,7058824;-0,23529412;-0,05371069;-0,017903563
259;389;0;950;7996,0938;-0,82901555;-0,1658031;-0,020415865;0,0115218265
253;387;0;950;8000;-1,536;-0,512;-0,18098803;-0,088626415
247;385;0;974;8005,9375;-1,0105263;-0,33684212;0,088500835;0,02950028
245;383;0;974;8009,5938;-0,5470086;-0,5470086;0,12677407;-0,057481423
243;380;0;974;8016,0938;-0,30769232;-0,46153846;0,036817886;0,0131492475
241;377;0;950;8019,625;-0,5663717;-0,8495575;-0,07325433;-0,109881505
241;375;0;950;8025,6875;0;-0,3298969;0,09342213;0,08571721
242;373;0;926;8029,625;0,25396827;-0,50793654;0,06449988;-0,045216415
243;371;0;902;8036,0312;0,15609756;-0,31219512;-0,015277379;0,030554758
241;370;0;878;8039,6875;-0,5470086;-0,2735043;-0,19230254;0,010582109
241;368;0;854;8045,9688;0;-0,31840795;0,08708594;-0,0071488423
241;366;0;830;8049,8125;0;-0,5203252;0;-0,052531313
240;365;0;806;8056;-0,16161616;-0,16161616;-0,026119784;0,057973176
239;363;0;806;8059,6875;-0,27118644;-0,5423729;-0,029713973;-0,10325606
239;361;0;782;8065,7812;0;-0,32820514;0,04450239;0,035145476
238;360;0;758;8069,75;-0,2519685;-0,2519685;-0,063488126;0,01920923
238;358;0;734;8075,7812;0;-0,3316062;0,04177716;-0,01320418
237;357;0;710;8079,625;-0,2601626;-0,2601626;-0,067684576;0,018586958
237;356;0;686;8085,875;0;-0,16;0,041626014;0,016026014
237;355;0;665;8089,5312;0;-0,2735043;0;-0,031043908
237;354;0;641;8095,875;0;-0,15763547;0;0,018265037
237;354;0;641;8099,5938;0;0;0;0,04238937
237;354;0;617;8105,875;0;0;0;0
237;354;0;617;8109,4062;0;0;0;0
237;354;0;617;8115,8125;0;0;0;0
237;354;0;617;8119,5;0;0;0;0
238;353;0;617;8125,75;0,16;-0,16;0,0256;-0,0256
238;353;0;617;8129,7812;0;0;-0,03968992;0,03968992
238;352;0;617;8136,125;0;-0,15763547;0;-0,02484894
238;352;0;617;8139,625;0;0;0;0,045038704
238;352;0;617;8145,9688;0;0;0;0
238;352;0;617;8149,7188;0;0;0;0
239;352;0;617;8155,8125;0,16410257;0;0,026929652;0
239;352;0;641;8159,8125;0;0;-0,041025642;0
239;352;0;641;8165,9062;0;0;0;0
239;352;0;641;8169,6875;0;0;0;0
239;352;0;641;8175,6562;0;0;0;0
239;352;0;641;8179,6562;0;0;0;0
239;352;0;641;8185,7188;0;0;0;0
239;352;0;641;8189,5;0;0;0;0
239;352;0;641;8195,75;0;0;0;0
239;352;0;641;8199,5625;0;0;0;0
239;352;0;617;8205,781;0;0;0;0
239;352;0;617;8209,5625;0;0;0;0
239;353;0;593;8215,719;0;0,16243654;0;0,026385631
239;353;0;569;8219,469;0;0;0;-0,043316413
239;353;0;569;8225,75;0;0;0;0
239;353;0;545;8229,5;0;0;0;0
238;353;0;521;8235,8125;-0,15841584;0;-0,025095578;0
238;352;0;497;8240;0;-0,23880596;0,037830647;-0,05702829
237;352;0;473;8247,094;-0,14096916;0;-0,019872304;0,03366428
235;352;0;473;8249,8125;-0,7356322;0;-0,21872663;0
234;351;0;449;8256,094;-0,15920398;-0,15920398;0,09176966;-0,025345907
233;351;0;449;8259,625;-0,28318584;0;-0,035109907;0,045084313
231;351;0;449;8266,031;-0,31219512;0;-0,0045282785;0
230;350;0;425;8269,6875;-0,2735043;-0,2735043;0,010582109;-0,07480459
228;350;0;425;8275,906;-0,32160804;0;-0,007735276;0,043980587
227;349;0;425;8280,219;-0,23188406;-0,23188406;0,02080556;-0,053770218
225;348;0;401;8285,781;-0,35955057;-0,17977528;-0,02295128;0,00936787
223;348;0;401;8289,781;-0,5;0;-0,03511236;0,04494382
222;347;0;377;8295,875;-0,16410257;-0,16410257;0,05512163;-0,026929652
220;346;0;377;8299,6875;-0,52459013;-0,26229507;-0,09455412;-0,02575541
218;345;0;353;8305,969;-0,31840795;-0,15920398;0,032825023;0,016412511
216;345;0;353;8309,656;-0,5423729;0;-0,060736254;0,04317396
214;344;0;332;8315,9375;-0,31840795;-0,15920398;0,03565611;-0,025345907
212;344;0;332;8319,6875;-0,53333336;0;-0,057313442;0,042454395
210;343;0;308;8325,969;-0,31840795;-0,15920398;0,03421698;-0,025345907
209;343;0;308;8329,781;-0,26229507;0;0,014718134;0,04175842
207;343;0;308;8335,969;-0,32323232;0;-0,009848446;0
205;343;0;308;8339,75;-0,5289256;0;-0,05439822;0
204;342;0;308;8345,9375;-0,16161616;-0,16161616;0,059363145;-0,026119784
202;342;0;308;8349,781;-0,5203252;0;-0,09332268;0,04204648
201;342;0;308;8356,0625;-0,15920398;0;0,057491932;0
199;342;0;308;8359,781;-0,53781515;0;-0,10181141;0
198;342;0;308;8366;-0,16080402;0;0,060624905;0
197;342;0;308;8369,719;-0,26890758;0;-0,029069865;0
196;341;0;308;8375,8125;-0,16410257;-0,16410257;0,017198771;-0,026929652
195;341;0;308;8379,6875;-0,2580645;0;-0,024248242;0,04234905
194;341;0;284;8386;-0,15841584;0;0,015785927;0
193;341;0;284;8389,625;-0,27586207;0;-0,03239896;0
193;341;0;260;8396;0;0;0,04327248;0
193;341;0;260;8399,625;0;0;0;0
193;341;0;236;8406;0;0;0;0
192;341;0;212;8409,6875;-0,27118644;0;-0,07354209;0
192;341;0;188;8416,0625;0;0;0,04253905;0
192;341;0;188;8419,6875;0;0;0;0
192;342;0;164;8426,0625;0;0,15686275;0;0,024605922
193;342;0;140;8429,6875;0,27586207;0;0,07609988;-0,043272484
193;342;0;92;8435,969;0;0;-0,043918338;0
194;342;0;68;8439,6875;0,26890758;0;0,07231128;0
194;343;0;44;8446,031;0;0,15763547;-0,04238937;0,02484894
195;343;0;0;8450,781;0,21052632;0;0,04432133;-0,033186413
195;344;10408;0;8455,75;0;0,20125785;-0,042370077;0,040504724
195;344;12505;0;8464,125;0;0;0;-0,024030788
195;344;13013;0;8472,9375;0;0;0;0
195;344;13013;0;8474,906;0;0;0;0
195;344;12849;0;8476,5;0;0;0;0
195;344;12849;0;8485,531;0;0;0;0
195;344;13129;0;8486,781;0;0;0;0
195;344;13981;0;8496,781;0;0;0;0
195;344;15197;0;8498,406;0;0;0;0
195;344;16481;0;8500,125;0;0;0;0
196;345;17689;0;8509,469;0,10702341;0,10702341;0,01145401;0,01145401
196;345;18761;0;8511,0625;0;0;-0,06715194;-0,06715194
197;345;19697;0;8520,125;0,11034483;0;0,012175981;0
197;346;20429;0;8521,531;0;0,7111111;-0,078467436;0,505679
197;346;20673;0;8531,5;0;0;0;-0,071334034
198;346;20677;0;8533,1875;0,5925926;0;0,35116598;0
198;346;20685;0;8534,4375;0;0;-0,47407407;0
198;346;20749;0;8545,344;0;0;0;0
198;346;20957;0;8546,656;0;0;0;0
198;346;21201;0;8556,156;0;0;0;0
198;346;21357;0;8558,219;0;0;0;0
198;346;21357;0;8560,125;0;0;0;0
198;346;21313;0;8569,281;0;0;0;0
199;346;21181;0;8570,719;0,6956522;0;0,48393196;0
200;346;21181;0;8580,8125;0,099071205;0;-0,059104;0
202;346;21289;0;8582,0625;1,6;0;1,2007431;0
204;346;21389;0;8591,5;0,21192053;0;-0,14708127;0
207;347;21545;0;8593,3125;1,6551725;0,55172414;0,7962769;0,30439952
211;347;21753;0;8594,719;2,8444445;0;0,84570456;-0,39233717
214;348;21970;0;8603,656;0,33566433;0,11188811;-0,28070268;0,01251895
219;349;22190;0;8605,094;3,4782608;0,6956522;2,1861541;0,40609676
223;350;22430;0;8615,281;0,39263803;0,09815951;-0,3028832;-0,05864959
228;351;22674;0;8616,8125;3,2653062;0,6530612;1,8760283;0,3623848
233;353;22918;0;8626,625;0,50955415;0,20382166;-0,28084096;-0,045782376
238;354;23170;0;8627,969;3,7209303;0,74418604;2,3898613;0,40213165
244;356;23338;0;8637,4375;0,63366336;0,21122113;-0,326048;-0,056286726
249;357;23462;0;8638,875;3,4782608;0,6956522;1,9788504;0,3369955
255;359;23470;0;8640,219;4,4651165;1,4883721;0,73440427;0,5899311
261;360;23470;0;8649,969;0,61538464;0,102564104;-0,3948443;-0,14213416
266;361;23482;0;8651,5;3,2653062;0,6530612;1,7305611;0,3595083
273;363;23590;0;8662;0,6666667;0,1904762;-0,24748948;-0,04405572
279;364;23662;0;8663,3125;4,571429;0,7619048;2,975057;0,43537417
285;365;23734;0;8664,531;4,923077;0,82051283;0,28853196;0,048088662
291;367;23830;0;8673,969;0,6357616;0,21192053;-0,4542851;-0,0644866
297;368;23838;0;8675,875;3,147541;0,52459013;1,3176547;0,1640234
302;370;23934;0;8685,375;0,5263158;0,21052632;-0,27591845;-0,033059347
308;371;23982;0;8687,031;3,6226416;0,6037736;1,8694798;0,23743232
313;372;24058;0;8697,625;0,4719764;0,09439528;-0,29740793;-0,04808291
318;373;24106;0;8699,0625;3,4782608;0,6956522;2,0913281;0,41826567
323;374;24154;0;8700,406;3,7209303;0,74418604;0,18059132;0,03611822
328;376;24262;0;8711,4375;0,4532578;0,18130311;-0,29621962;-0,05102621
332;377;24346;0;8712,875;2,7826087;0,6956522;1,6204181;0,35780808
336;377;24394;0;8714,25;2,909091;0;0,09198709;-0,5059289
340;378;24394;0;8723,906;0,4142395;0,103559874;-0,2583665;0,010724647
343;379;24398;0;8726,031;1,4117647;0,47058824;0,46942362;0,17271923
345;379;24406;0;8735,094;0,22068965;0;-0,13142897;-0,051926978
348;380;24414;0;8736,344;2,4;0,8;1,7434483;0,64
350;380;24418;0;8746,656;0,19393939;0;-0,21392103;-0,07757576
351;380;24426;0;8748,156;0,6666667;0;0,31515154;0
352;381;24434;0;8749,75;0,627451;0,627451;-0,024605919;0,39369476
354;381;24434;0;8760,094;0,19335347;0;-0,04196713;-0,060659915
355;381;24442;0;8761,656;0,64;0;0,28585377;0
355;381;24442;0;8771,469;0;0;-0,06522293;0
356;381;24450;0;8772,844;0,72727275;0;0,52892566;0
356;381;24454;0;8774,5625;0;0;-0,4231405;0
356;381;24466;0;8784,281;0;0;0;0
357;381;24474;0;8785,5625;0,7804878;0;0,6091612;0
357;382;24478;0;8795,875;0;0,096969694;-0,07568366;0,009403122
357;382;24478;0;8797,3125;0;0;0;-0,06745718
358;382;24470;0;8807,375;0,099378884;0;0,009876163;0
358;382;24326;0;8809,531;0;0;-0,04608876;0
358;382;24098;0;8810,8125;0;0;0;0
358;382;23794;0;8820,0625;0;0;0;0
358;382;23394;0;8821,8125;0;0;0;0
357;382;22902;0;8831,594;-0,10223642;0;-0,010452285;0
357;382;22246;0;8832,9375;0;0;0,076082915;0
356;382;21237;0;8834,281;-0,74418604;0;-0,55381286;0
354;382;19613;0;8844,406;-0,19753087;0;0,053990636;0
352;381;17057;0;8845,656;-1,6;-0,8;-1,1219753;-0,64
349;381;13261;0;8855,9375;-0,29179332;0;0,12724198;0,077811554
346;380;8816;0;8857,594;-1,8113208;-0,6037736;-0,91745055;-0,36454254
343;379;1008;0;8859,4375;-1,6271186;-0,5423729;0,09990627;0,03330208
343;379;0;0;8860,594;0;0;1,4072376;0,46907926
337;378;0;44;8870,406;-0,611465;-0,10191083;-0,0623149;-0,010385817
332;376;0;88;8871,469;-4,7058825;-1,882353;-3,8535695;-1,6757102
326;374;0;156;8873,594;-2,8235295;-0,9411765;0,88581324;0,4429066
320;373;0;248;8879,6875;-0,9846154;-0,16410257;0,30177054;0,12751982
320;373;0;341;8883,781;0;0;0,24051674;0,040086124
309;370;0;453;8889,6875;-1,8624339;-0,50793654;-0,3153327;-0,08599984
303;368;0;521;8893,719;-1,4883721;-0,49612403;0,09279053;0,0029302347
298;368;0;589;8899,6875;-0,8376963;0;0,10901374;0,08312026
293;369;0;633;8903,594;-1,28;0,256;-0,11322974;0,065536
288;369;0;657;8909,719;-0,81632656;0;0,07570178;-0,04179592
284;369;0;682;8913,5625;-1,0406504;0;-0,058360666;0
280;368;0;726;8919,844;-0,6368159;-0,15920398;0,06429205;-0,025345907
277;368;0;770;8923,781;-0,7619048;0;-0,0317686;0,040432755
273;368;0;794;8929,75;-0,6701571;0;0,015371342;0
269;370;0;818;8933,625;-1,032258;0,516129;-0,093445405;0,13319458
266;371;0;838;8939,906;-0,47761193;0,15920398;0,088301875;-0,056823887
262;371;0;862;8943,719;-1,0491803;0;-0,14991957;-0,04175842
259;371;0;862;8949,594;-0,5106383;0;0,09166672;0
256;371;0;862;8953,625;-0,74418604;0;-0,057934325;0
253;371;0;862;8960,594;-0,43049327;0;0,04501421;0
250;371;0;862;8963,6875;-0,969697;0;-0,17428808;0
248;372;0;862;8970,3125;-0,3018868;0,1509434;0,10080154;0,022783909
247;372;0;838;8975,25;-0,20253165;0;0,020122562;-0,030570814
246;373;0;838;8980;-0,21052632;0,21052632;-0,0016830877;0,04432133
245;373;0;818;8983,781;-0,2644628;0;-0,014264193;-0,055676382
244;374;0;794;8990,3125;-0,15311004;0,15311004;0,017049225;0,023442686
243;374;0;750;8993,875;-0,28070176;0;-0,035815217;-0,042978257
242;374;0;726;8999,781;-0,16931216;0;0,018859614;0
241;374;0;657;9004,1875;-0,22695035;0;-0,013081006;0
241;374;0;613;9009,719;0;0;0,04103057;0
241;374;0;545;9013,6875;0;0;0;0
241;374;0;497;9020,0625;0;0;0;0
241;374;0;429;9023,656;0;0;0;0
240;374;0;361;9029,844;-0,16161616;0;-0,026119784;0
240;374;0;292;9033,656;0;0;0,042391125;0
241;375;0;248;9039,8125;0,16243654;0,16243654;0,026385631;0,026385631
242;375;0;180;9043,531;0,26890758;0;0,028630866;-0,043680415
244;375;0;112;9049,6875;0,3248731;0;0,009090845;0
245;375;0;44;9053,75;0,24615385;0;-0,019377045;0
246;375;0;0;9059,75;0,16666667;0;-0,013247862;0
247;375;0;0;9063,625;0,2580645;0;0,023586538;0
247;374;13937;0;9069,719;0;-0,16410257;-0,042349048;-0,026929652
247;374;16373;0;9079,875;0;0;0;0,016157791
247;374;16609;0;9081,1875;0;0;0;0
247;374;16609;0;9090,4375;0;0;0;0
247;374;15969;0;9092,8125;0;0;0;0
247;374;15501;0;9093,969;0;0;0;0
247;374;15225;0;9103,031;0;0;0;0
247;374;15113;0;9104,281;0;0;0;0
247;374;15113;0;9113,531;0;0;0;0
247;374;15529;0;9115,219;0;0;0;0
248;370;15969;0;9125,969;0,093023255;-0,37209302;0,008653326;-0,034613304
248;368;16273;0;9127,469;0;-1,3333334;-0,062015504;-0,6408269
249;366;16621;0;9137,469;0,1;-0,2;0,01;0,11333333
249;363;16933;0;9139;0;-1,9591837;-0,06530613;-1,1488546
250;361;17133;0;9140,375;0,72727275;-1,4545455;0,52892566;0,3670096
251;358;17369;0;9150,25;0,101265825;-0,30379745;-0,0633931;0,11653145
251;355;17605;0;9151,594;0;-2,2325583;-0,07536061;-1,4353569
252;352;17789;0;9161,3125;0,10289389;-0,30868167;0,010587153;0,19795515
253;345;18173;0;9171,719;0,0960961;-0,6726727;-0,0006532411;-0,034978118
253;342;18421;0;9173,031;0;-2,2857144;-0,07321607;-1,2289841
253;339;18705;0;9174,875;0;-1,6271186;0;0,3572045
253;336;18841;0;9184,344;0;-0,31683168;0;0,13838013
253;333;18989;0;9186,125;0;-1,6842105;0;-0,76765126
254;331;19049;0;9196,219;0,099071205;-0,19814241;0,009815104;0,14722656
254;329;19061;0;9197,906;0;-1,1851852;-0,05870886;-0,58491427
254;328;19109;0;9199;0;-0,9142857;0;0,24767952
254;327;19109;0;9208,469;0;-0,105610564;0;0,08540464
254;326;18961;0;9209,906;0;-0,6956522;0;-0,41046375
254;326;18705;0;9219,531;0;0;0;0,07227555
254;326;18161;0;9221,156;0;0;0;0
255;325;17245;0;9231,406;0,09756097;-0,09756097;0,009518144;-0,009518144
255;325;15993;0;9234,0625;0;0;-0,036728837;0,036728837
256;325;14417;0;9235;1,0666667;0;1,1377778;0
257;326;11725;0;9244,4375;0,105960265;0,105960265;-0,10179671;0,011227578
258;327;7604;0;9245,656;0,82051283;0,82051283;0,58629954;0,58629954
259;330;1752;0;9246,469;1,2307693;3,6923077;0,50493103;3,5345168
259;330;0;0;9256,0625;0;0;-0,12828866;-0,38486594
260;336;0;24;9257,594;0,6530612;3,9183674;0,42648897;2,5589337
262;341;0;72;9259;1,4222223;3,5555556;0,546959;-0,2579995
263;346;0;144;9264,031;0,19875777;0,99378884;-0,24317306;-0,509171
265;352;0;192;9267,656;0,55172414;1,6551725;0,097370036;0,18245065
267;358;0;264;9274,094;0,3106796;0,93203884;-0,03744381;-0,112331435
269;363;0;312;9277,8125;0,53781515;1,3445379;0,061078463;0,1109241
272;368;0;365;9283,6875;0,5106383;0,85106385;-0,004625848;-0,08399557
275;373;0;389;9287,75;0,73846155;1,2307693;0,05607957;0,093465954
278;377;0;413;9294,031;0,47761193;0,6368159;-0,0415283;-0,094559744
281;380;0;413;9297,5625;0,8495575;0,8495575;0,10532972;0,060245413
284;383;0;413;9303,9375;0,47058824;0,47058824;-0,059446163;-0,059446163
288;385;0;365;9307,969;0,99224806;0,49612403;0,129404;0,00633446
292;387;0;341;9313,8125;0,684492;0,342246;-0,05266414;-0,02633207
295;388;0;288;9317,625;0,78688526;0,26229507;0,026857251;-0,020970736
299;388;0;192;9324,0625;0,6213592;0;-0,025712783;-0,040744863
303;388;0;120;9327,656;1,1130434;0;0,13681647;0
305;388;0;24;9333,906;0,32;0;-0,12688695;0
307;388;0;0;9337,8125;0,512;0;0,04915201;0
307;388;0;0;9343,875;0;0;-0,08445361;0
307;388;18425;0;9347,875;0;0;0;0
307;388;20841;0;9356,531;0;0;0;0
307;388;21425;0;9358,344;0;0;0;0
307;388;21425;0;9367,031;0;0;0;0
307;388;20889;0;9377,594;0;0;0;0
308;384;20585;0;9378,6875;0,9142857;-3,6571429;0,83591837;-3,3436735
309;382;20449;0;9379,531;1,1851852;-2,3703704;0,32106605;1,5250636
309;379;20277;0;9388,594;0;-0,33103448;-0,13077906;0,22503017
310;377;20277;0;9390,094;0,6666667;-1,3333334;0,44444445;-0,66819924
311;374;20433;0;9399,469;0,10666667;-0,32;-0,059733335;0,10808889
311;371;20653;0;9400,6875;0;-2,4615386;-0,08752137;-1,75716
311;369;20873;0;9410,781;0;-0,19814241;0;0,2242374
311;366;21189;0;9411,969;0;-2,5263157;0;-1,9605669
311;363;21481;0;9421,156;0;-0,3265306;0;0,23943238
311;359;21725;0;9422,5;0;-2,9767442;0;-1,9722519
311;356;21906;0;9423,5625;0;-2,8235295;0;0,14420207
311;352;22026;0;9433,094;0;-0,41967213;0;0,25220796
311;348;22034;0;9434,656;0;-2,56;0;-1,3698099
310;345;22082;0;9444,469;-0,10191083;-0,3057325;-0,010385817;0,22973426
310;341;22082;0;9445,781;0;-3,047619;0,077646345;-2,0890565
309;338;21994;0;9455,4375;-0,103559874;-0,3106796;-0,010724647;0,2834371
309;334;21509;0;9456,875;0;-2,7826087;0,07204165;-1,7196028
308;331;20681;0;9458,281;-0,7111111;-2,1333334;-0,505679;0,46170688
308;328;19617;0;9467,75;0;-0,31683168;0,07510085;0,19184177
308;325;18141;0;9469,094;0;-2,2325583;0;-1,4256569
307;322;16133;0;9478,625;-0,10491803;-0,3147541;-0,011007793;0,20121224
306;320;13229;0;9479,6875;-0,9411765;-1,882353;-0,78706676;-1,4753871
306;318;7176;0;9488,906;0;-0,21694915;0,10209372;0,18065397
306;318;0;0;9490,594;0;0;0;0,12856247
304;316;0;0;9491,844;-1,6;-1,6;-1,28;-1,28
302;316;0;48;9500,75;-0,22456141;0;0,1544352;0,17964913
299;315;0;148;9501,875;-2,6666667;-0,8888889;-2,1707602;-0,79012346
296;313;0;220;9503,375;-2;-1,3333334;0,4444445;-0,29629633
292;312;0;320;9507,8125;-0,90140843;-0,22535211;0,24756993;0,2496859
289;310;0;421;9513,969;-0,48730963;-0,3248731;0,06726478;-0,016165845
284;308;0;497;9517,781;-1,3114754;-0,52459013;-0,21617463;-0,052384797
280;305;0;597;9523,625;-0,684492;-0,51336896;0,10729128;0,0019202003
275;303;0;669;9527,781;-1,2030075;-0,48120302;-0,1247556;0,0077391746
270;300;0;746;9533,8125;-0,82901555;-0,4974093;0,06200902;-0,002687054
265;297;0;822;9537,4375;-1,3793104;-0,82758623;-0,15180546;-0,09108329
260;294;0;870;9543,594;-0,8121827;-0,48730963;0,09212226;0,055273358
254;291;0;894;9547,781;-1,4328358;-0,7164179;-0,14821567;-0,054712422
250;289;0;922;9553,906;-0,6530612;-0,3265306;0,12731014;0,06365507
245;286;0;946;9557,781;-1,2903225;-0,7741935;-0,16445453;-0,115525916
241;284;0;970;9563,656;-0,68085104;-0,34042552;0,10373983;0,073832855
238;281;0;970;9567,6875;-0,74418604;-0,74418604;-0,015711008;-0,10015765
234;279;0;946;9573,969;-0,6368159;-0,31840795;0,017093753;0,06778557
230;277;0;946;9577,844;-1,032258;-0,516129;-0,10204958;-0,05102479
226;275;0;922;9583,6875;-0,684492;-0,342246;0,059510767;0,029755384
223;273;0;922;9587,6875;-0,75;-0,5;-0,016377002;-0,0394385
220;272;0;894;9593,656;-0,5026178;-0,16753927;0,041446235;0,055700228
217;270;0;870;9597,719;-0,73846155;-0,4923077;-0,05805385;-0,079942994
215;268;0;846;9604,156;-0,3106796;-0,3106796;0,066451564;0,028214071
212;267;0;822;9607,875;-0,8067227;-0,26890758;-0,13338974;0,011232817
210;266;0;798;9613,719;-0,342246;-0,171123;0,079482645;0,01673319
209;266;0;770;9617,594;-0,2580645;0;0,021724256;0,044160772
208;266;0;722;9623,8125;-0,16080402;0;0,015639877;0
207;266;0;698;9627,625;-0,26229507;0;-0,026620602;0
206;266;0;669;9633,656;-0,1658031;0;0,015998667;0
204;264;0;621;9637,469;-0,52459013;-0,52459013;-0,094108075;-0,13759741
203;263;0;597;9643,719;-0,16;-0,16;0,05833442;0,05833442
201;263;0;545;9647,5625;-0,5203252;0;-0,09374314;0,041626014
200;263;0;521;9653,875;-0,15841584;0;0,05733217;0
199;262;0;473;9657,875;-0,25;-0,25;-0,02289604;-0,0625
199;262;0;421;9664,094;0;0;0,040201005;0,040201005
199;262;0;397;9668,375;0;0;0;0
199;262;0;349;9675,031;0;0;0;0
199;263;0;296;9677,5;0;0,4050633;0;0,16407627
199;264;0;248;9683,906;0;0,15609756;0;-0,038862944
200;265;0;172;9687,844;0,25396827;0,25396827;0,06449988;0,024856053
202;267;0;96;9693,969;0,3265306;0,3265306;0,011846912;0,011846912
204;268;0;24;9697,969;0,5;0,25;0,04336735;-0,019132651
206;269;0;0;9703,906;0,33684212;0,16842106;-0,027479222;-0,013739611
208;270;0;0;9707,906;0,5;0,25;0,04078947;0,020394735
209;271;0;0;9714,219;0,15841584;0,15841584;-0,05411234;-0,0145083815
210;271;0;0;9717,75;0,28318584;0;0,035333097;-0,044861123
210;271;15705;0;9724,156;0;0;-0,04420462;0
210;271;18361;0;9733,6875;0;0;0;0
210;271;18361;0;9735,375;0;0;0;0
210;271;17605;0;9745,281;0;0;0;0
210;271;16797;0;9746,9375;0;0;0;0
210;271;16533;0;9747,781;0;0;0;0
210;271;16397;0;9757,281;0;0;0;0
210;271;16397;0;9759,125;0;0;0;0
211;267;16549;0;9768,469;0,10702341;-0,42809364;0,01145401;-0,04581604
212;266;16773;0;9770,094;0,61538464;-0,61538464;0,31283766;-0,115256
212;264;17133;0;9780,125;0;-0,19937694;-0,061346754;0,041471172
213;263;17553;0;9781,656;0,6530612;-0,6530612;0,42648897;-0,2962836
213;261;18037;0;9791,75;0;-0,19814241;-0,06469956;0,045069356
214;259;18457;0;9793,469;0,58181816;-1,1636363;0,3385124;-0,5617419
214;256;18829;0;9794,625;0;-2,5945945;-0,5031941;-1,2375854
215;253;19109;0;9804;0,10666667;-0,32;0,011377778;0,24262342
216;250;19393;0;9805,469;0,68085104;-2,0425532;0,39093402;-1,1728022
216;247;19673;0;9814,8125;0;-0,32107022;-0,072867;0,18423899
217;243;19809;0;9816,406;0,627451;-2,509804;0,39369476;-1,3733232
218;240;19933;0;9818;0,627451;-1,882353;0;0,3936948
218;236;20089;0;9828,5625;0;-0,37869823;-0,059403647;0,14235784
219;232;20285;0;9829,781;0,82051283;-3,2820513;0,6732413;-2,3822386
220;227;20593;0;9839,156;0,10666667;-0,53333336;-0,07614359;0,2931966
221;222;21005;0;9841,094;0,516129;-2,580645;0,21133539;-1,0566771
221;217;21433;0;9850,281;0;-0,5442177;-0,056177307;0,22165197
222;212;21966;0;9851,6875;0,7111111;-3,5555556;0,505679;-2,1413958
222;207;22402;0;9861,594;0;-0,50473183;-0,07178409;0,30796957
223;202;22670;0;9863,1875;0,627451;-3,137255;0,39369476;-1,6517792
223;197;22926;0;9864,625;0;-3,4782608;-0,43648764;-0,23722143
223;192;23118;0;9874,094;0;-0,5280528;0;0,31157312
223;186;23262;0;9875,719;0;-3,6923077;0;-1,9472338
223;181;23434;0;9884,656;0;-0,55944055;0;0,3505306
223;176;23566;0;9886,25;0;-3,137255;0;-1,6174521
223;171;23638;0;9887,8125;0;-3,2;0;-0,04015686
223;166;23698;0;9897,094;0;-0,53872055;0;0,28673717
223;161;23698;0;9898,344;0;-4;0;-2,7690234
223;155;23770;0;9907,5625;0;-0,65084743;0;0,3632979
222;149;23914;0;9909,625;-0,4848485;-2,909091;-0,23507807;-1,094906
222;143;24110;0;9918,9375;0;-0,6442953;0,05206427;0,24319954
222;137;24242;0;9920,1875;0;-4,8;0;-3,324564
221;132;24302;0;9929,281;-0,10996564;-0,5498282;-0,012092441;0,4673729
221;126;24362;0;9930,75;0;-4,0851064;0,07487022;-2,406998
220;120;24374;0;9931,5;-1,3333334;-8;-1,7777778;-5,219858
219;114;24518;0;9940,75;-0,10810811;-0,6486486;0,13245678;0,7947407
218;108;24602;0;9942,031;-0,7804878;-4,6829267;-0,52478415;-3,1487048
218;102;24662;0;9950,625;0;-0,6981818;0,090820394;0,4636794
217;95;24834;0;9951,875;-0,8;-5,6;-0,64;-3,9214547
216;88;24966;0;9961,4375;-0,104575165;-0,73202616;0,07272417;0,50906914
215;82;25110;0;9962,8125;-0,72727275;-4,3636365;-0,45287097;-2,6411712
213;75;25386;0;9972,469;-0,20711975;-0,7249191;0,053866975;0,3768251
212;69;25578;0;9974,375;-0,52459013;-3,147541;-0,16654183;-1,2708837
211;63;25674;0;9983,875;-0,10526316;-0,6315789;0,04413968;0,26483813
210;59;25770;0;9985,219;-0,74418604;-2,9767442;-0,4754775;-1,7452393
209;54;25830;0;9994,781;-0,104575165;-0,52287585;0,066887416;0,2566137
208;51;25830;0;9996,406;-0,61538464;-1,8461539;-0,3143443;-0,8143249
208;48;25942;0;9997,594;0;-2,5263157;0,51821864;-0,57276785
207;46;25982;0;10007,031;-0,105960265;-0,21192053;-0,011227578;0,24523392
207;44;25982;0;10008,8125;0;-1,122807;0,059486464;-0,5113749
207;43;25910;0;10018,0625;0;-0,10810811;0;0,10969718
207;42;25822;0;10019,625;0;-0,64;0;-0,3404108
207;41;25618;0;10029,656;0;-0,09968847;0;0,05386283
207;41;25414;0;10031,25;0;0;0;0,06254963
207;41;25114;0;10032,6875;0;0;0;0
207;41;24642;0;10044,125;0;0;0;0
207;40;24162;0;10045,781;0;-0,6037736;0;-0,36454254
207;40;23606;0;10055,4375;0;0;0;0,06252672
207;40;23014;0;10057,531;0;0;0;0
207;40;22334;0;10058,719;0;0;0;0
207;41;21521;0;10067,5625;0;0,113074206;0;0,012785776
207;41;20413;0;10068,781;0;0;0;-0,09277884
206;43;19113;0;10078,125;-0,10702341;0,21404682;-0,01145401;0,02290802
205;47;17049;0;10079,625;-0,6666667;2,6666667;-0,3730955;1,63508
203;52;12269;0;10088,844;-0,21694915;0,5423729;0,04878292;-0,23043187
202;57;5696;0;10090,594;-0,5714286;2,857143;-0,20255968;1,3227257
202;57;0;0;10092,125;0;0;0,37317786;-1,8658893
199;67;0;0;10093,3125;-2,5263157;8,421053;-2,1274238;7,091413
197;72;0;20;10102,406;-0,21993127;0,5498282;0,253623;-0,8655642
195;79;0;68;10103,656;-1,6;5,6;-1,104055;4,0401373
194;87;0;92;10108,281;-0,21621622;1,7297298;0,2991965;-0,8368152
192;95;0;164;10112,094;-0,52459013;2,0983605;-0,08088496;0,09669004
191;102;0;236;10118,3125;-0,16080402;1,1256281;0,058498267;-0,15641928
191;109;0;284;10121,6875;0;2,074074;0,047645636;0,281021
191;116;0;353;10128,4375;0;1,037037;0;-0,15363511
191;122;0;401;10132,25;0;1,5737705;0;0,14078256
191;129;0;449;10137,719;0;1,28;0;-0,053718045
191;136;0;497;10142,031;0;1,6231884;0;0,07957992
191;136;0;521;10148,25;0;0;0;-0,2610152
191;149;0;569;10151,531;0;3,9619048;0;1,2074376
191;156;0;617;10158,281;0;1,037037;0;-0,43331373
191;163;0;665;10161,656;0;2,074074;0;0,30727023
191;170;0;686;10168,094;0;1,0873786;0;-0,15327308
191;177;0;734;10172,375;0;1,6350365;0;0,12792008
192;185;0;758;10178,3125;0,16842106;1,3473685;0,028365653;-0,048449345
193;192;0;758;10181,719;0,29357797;2,0550458;0,036743313;0,20775849
195;200;0;758;10188,375;0,3004695;1,201878;0,0010353456;-0,12817545
198;206;0;758;10191,656;0,9142857;1,8285714;0,1870678;0,1909923
201;213;0;734;10197,844;0,4848485;1,1313131;-0,069404;-0,11268822
203;218;0;734;10202,125;0,46715328;1,1678832;-0,0041331896;0,008541915
206;224;0;710;10208,094;0,5026178;1,0052356;0,0059416955;-0,02724986
208;228;0;686;10211,656;0,5614035;1,122807;0,016501259;0,033002518
209;231;0;665;10217,719;0,16494845;0,49484536;-0,06539465;-0,1035813
210;233;0;617;10221,75;0,24806201;0,49612403;0,02061732;0,00031718911
210;235;0;569;10228,094;0;0,31527093;-0,03910337;-0,028508862
210;236;0;521;10232,094;0;0,25;0;-0,016317733
212;236;0;449;10238,125;0,3316062;0;0,05498134;-0,041450776
213;237;0;377;10242,031;0,256;0,256;-0,019355187;0,065536
213;237;0;308;10248,1875;0;0;-0,041583758;-0,041583758
214;237;0;236;10251,9375;0,26666668;0;0,07111111;0
214;237;0;164;10258,031;0;0;-0,043760687;0
214;237;0;92;10261,656;0;0;0;0
215;237;0;20;10268,031;0,15686275;0;0,024605922;0
216;237;0;0;10271,906;0,2580645;0;0,026116583;0
216;237;0;0;10278,031;0;0;-0,04213298;0
217;237;0;0;10281,906;0,2580645;0;0,06659729;0
217;237;10528;0;10288,094;0;0;-0,041707397;0
217;237;17645;0;10297,719;0;0;0;0
217;237;18365;0;10299,125;0;0;0;0
217;237;18365;0;10309,875;0;0;0;0
217;237;17633;0;10311,719;0;0;0;0
217;237;16949;0;10312,906;0;0;0;0
217;237;16389;0;10322,1875;0;0;0;0
217;237;16185;0;10324,531;0;0;0;0
217;237;16109;0;10333,75;0;0;0;0
217;237;16097;0;10334,969;0;0;0;0
217;237;16033;0;10345,594;0;0;0;0
220;240;16033;0;10347,031;2,0869565;2,0869565;1,4517958;1,4517958
222;241;16037;0;10348,25;1,6410257;0,82051283;-0,36589196;-1,0391333
224;242;16153;0;10357,969;0,20578778;0,10289389;-0,14767721;-0,07383861
226;243;16317;0;10359,469;1,3333334;0,6666667;0,75169706;0,37584853
228;245;16469;0;10368,8125;0,21404682;0,21404682;-0,11978986;-0,048440922
230;246;16581;0;10370,25;1,3913044;0,6956522;0,81896174;0,3350298
232;247;16729;0;10371,594;1,4883721;0,74418604;0,07223644;0,03611822
234;248;16817;0;10381,75;0,19692308;0,09846154;-0,12715806;-0,06357903
237;250;16829;0;10383,094;2,2325583;1,4883721;1,5148914;1,0343521
239;251;16917;0;10394;0,1833811;0,09169055;-0,18789017;-0,12806249
241;252;16925;0;10395,531;1,3061224;0,6530612;0,73321885;0,36660942
243;253;16937;0;10410,8125;0,13087934;0,06543967;-0,07690752;-0,03845376
245;254;17001;0;10412,3125;1,3333334;0,6666667;0,80163604;0,40081802
247;255;17009;0;10413,5;1,6842105;0,84210527;0,2954755;0,14773776
249;256;17013;0;10414,531;1,939394;0,969697;0,24745062;0,12372531
250;257;17013;0;10423,906;0,10666667;0,10666667;-0,19549091;-0,092056565
252;257;17009;0;10425,75;1,0847458;0;0,53048354;-0,05785311
253;257;17005;0;10436,1875;0,09580839;0;-0,09474849;0
253;258;17001;0;10437,656;0;0,68085104;-0,06523124;0,46355817
254;258;16949;0;10439,0625;0,7111111;0;0,505679;-0,48416075
254;258;16945;0;10448,125;0;0;-0,078467436;0
255;258;16941;0;10449,719;0,627451;0;0,39369476;0
255;258;16941;0;10459,8125;0;0;-0,06216233;0
255;258;16945;0;10461,0625;0;0;0;0
256;258;17009;0;10462,25;0,84210527;0;0,70914125;0
256;258;17057;0;10471,406;0;0;-0,09197054;0
256;258;17065;0;10472,875;0;0;0;0
256;258;17241;0;10482,4375;0;0;0;0
256;258;17537;0;10483,719;0;0;0;0
256;258;17961;0;10494,375;0;0;0;0
257;257;18489;0;10495,781;0,7111111;-0,7111111;0,505679;-0,505679
257;257;19105;0;10505,1875;0;0;-0,07559986;0,07559986
257;255;19681;0;10507,531;0;-0,85333335;0;-0,3640889
258;253;20137;0;10508,969;0,6956522;-1,3913044;0,48393196;-0,3742407
259;251;20477;0;10517,781;0,11347517;-0,22695035;-0,066062644;0,13212529
259;249;20757;0;10519,25;0;-1,3617021;-0,07725969;-0,77259696
260;246;20989;0;10529,281;0,09968847;-0,2990654;0,009937791;0,10593262
261;243;21209;0;10530,844;0,64;-1,92;0,34579936;-1,0373981
262;240;21269;0;10532,156;0,7619048;-2,2857144;0,09287984;-0,27863955
263;237;21281;0;10542,969;0,09248555;-0,27745664;-0,061911605;0,18573484
264;234;21365;0;10544,25;0,7804878;-2,3414633;0,53697735;-1,6109321
264;230;21417;0;10553,875;0;-0,41558442;-0,08108964;0,20009132
265;226;21513;0;10555,3125;0,6956522;-2,7826087;0,48393196;-1,6466256
266;221;21561;0;10565,094;0,10223642;-0,5111821;-0,060668703;0,23222254
267;216;21657;0;10566,4375;0,74418604;-3,7209303;0,47772998;-2,38865
268;211;21745;0;10567,719;0,7804878;-3,902439;0,028333059;-0,14166538
268;205;21866;0;10578,3125;0;-0,5663717;-0,073674366;0,314909
269;199;22062;0;10580,0625;0,5714286;-3,4285715;0,32653064;-1,6355428
270;193;22398;0;10590;0,10062893;-0,6037736;-0,04737607;0,2842564
270;187;22846;0;10591,6875;0;-3,5555556;-0,05963196;-1,7492042
271;181;23114;0;10592,906;0,82051283;-4,923077;0,6732413;-1,122069
271;175;23318;0;10601,844;0;-0,67132866;-0,09180563;0,4757201
272;168;23526;0;10603,3125;0,68085104;-4,7659574;0,46355817;-2,7878325
272;161;23742;0;10613,3125;0;-0,7;-0,068085104;0,40659577
273;154;23998;0;10614,656;0,74418604;-5,2093024;0,55381286;-3,35576
274;133;25034;0;10635,344;0,04833837;-1,0151057;-0,03363614;0,20274062
274;126;25214;0;10636,625;0;-5,4634147;-0,03772751;-3,4718509
274;120;25382;0;10638,156;0;-3,9183674;0;1,0090104
274;113;25478;0;10648,375;0;-0,68501526;0;0,31641367
274;108;25550;0;10650,281;0;-2,6229508;0;-1,016622
274;102;25622;0;10651,781;0;-4;0;-0,9180328
274;97;25766;0;10662,156;0;-0,48192772;0;0,3390913
274;92;25902;0;10664,25;0;-2,3880596;0;-0,91039133
274;88;26022;0;10665,781;0;-2,6122448;0;-0,14640668
275;84;26154;0;10676,5625;0,09275363;-0,3710145;0,008603235;0,20788223
275;80;26262;0;10678,6875;0;-1,882353;-0,043648764;-0,7112181
275;77;26310;0;10687,875;0;-0,3265306;0;0,1693412
276;75;26382;0;10689,531;0,6037736;-1,2075472;0,36454254;-0,53193456
276;73;26442;0;10699,0625;0;-0,20983607;-0,063346736;0,104677886
276;71;26442;0;10700,4375;0;-1,4545455;0;-0,9052433
276;70;26450;0;10710,094;0;-0,103559874;0;0,1399079
277;69;26458;0;10711,5;0,7111111;-0,7111111;0,505679;-0,43203646
277;69;26462;0;10712,4375;0;0;-0,7585185;0,7585185
277;68;26466;0;10721,969;0;-0,10491803;0;-0,011007793
277;68;26474;0;10723,625;0;0;0;0,063346736
277;68;26478;0;10732,719;0;0;0;0
277;68;26486;0;10734,4375;0;0;0;0
277;68;26498;0;10744,375;0;0;0;0
277;68;26506;0;10745,844;0;0;0;0
277;68;26514;0;10746,844;0;0;0;0
277;68;26574;0;10756,375;0;0;0;0
277;68;26658;0;10757,906;0;0;0;0
277;68;26754;0;10767;0;0;0;0
277;68;26826;0;10768,375;0;0;0;0
277;68;26826;0;10777,9375;0;0;0;0
277;68;26818;0;10779,125;0;0;0;0
277;68;26770;0;10788,0625;0;0;0;0
277;68;26766;0;10789,594;0;0;0;0
276;69;26670;0;10799,25;-0,103559874;0,103559874;-0,010724647;0,010724647
275;70;26322;0;10800,469;-0,82051283;0,82051283;-0,5882691;0,5882691
274;71;25914;0;10801,469;-1;1;-0,17948717;0,17948717
272;73;25514;0;10811,4375;-0,20062695;0,20062695;0,08018789;-0,08018789
270;75;25154;0;10812,969;-1,3061224;1,3061224;-0,7219562;0,7219562
268;77;24778;0;10823,75;-0,18550725;0,18550725;0,10394111;-0,10394111
266;80;24322;0;10825,031;-1,5609756;2,3414633;-1,0735362;1,6826974
264;83;23562;0;10825,906;-2,2857144;3,4285715;-0,82827294;1,2424093
262;87;22582;0;10834,906;-0,22222222;0,44444445;0,2292769;-0,33156967
260;91;21317;0;10836,25;-1,4883721;2,9767442;-0,9422511;1,8845022
257;95;19597;0;10845,9375;-0,30967742;0,41290322;0,121671714;-0,26465455
255;100;17441;0;10847,4375;-1,3333334;3,3333333;-0,68243724;1,9469533
253;104;14377;0;10853,969;-0,30622008;0,61244017;0,15726137;-0,41659608
252;108;9056;0;10860,844;-0,14545454;0,58181816;0,02338408;-0,00445411
250;112;1720;0;10861,875;-1,939394;3,878788;-1,7395777;3,1970618
250;112;0;0;10862,6875;0;0;2,3869464;-4,773893
246;119;0;48;10869,125;-0,6213592;1,0873786;-0,096521825;0,16891319
244;123;0;96;10871,594;-0,8101266;1,6202532;-0,07646273;0,21584794
241;128;0;148;10875,719;-0,72727275;1,2121212;0,020085782;-0,09894108
238;133;0;220;10881,656;-0,50526315;0,84210527;0,03739109;-0,06231848
235;137;0;296;10885,25;-0,8347826;1,1130434;-0,091692366;0,07539149
232;142;0;373;10891,719;-0,46376812;0,77294683;0,057354894;-0,05257532
230;145;0;445;10895,625;-0,512;0,768;-0,012347367;-0,001266388
228;149;0;521;10901,656;-0,3316062;0,6632124;0,029909855;-0,017374108
227;152;0;573;10905,625;-0,2519685;0,7559055;0,020066194;0,02335574
225;155;0;645;10911,594;-0,33507854;0,5026178;-0,0139241945;-0,042435642
224;159;0;698;10915,625;-0,24806201;0,99224806;0,021585494;0,12145867
223;162;0;746;10921,5625;-0,16842106;0,50526315;0,013413213;-0,08201851
223;165;0;770;10925,625;0;0,73846155;0,041457493;0,057402685
223;169;0;770;10931,656;0;0,6632124;0;-0,01247654
224;172;0;798;10935,4375;0,2644628;0,7933884;0,069940574;0,03442671
224;175;0;798;10941,6875;0;0,48;-0,04231405;-0,05014215
223;178;0;770;10945,6875;-0,25;0,75;-0,0625;0,0675
223;181;0;770;10951,625;0;0,50526315;0,042105265;-0,04121884
222;184;0;746;10955,719;-0,24427481;0,73282444;-0,059670184;0,055587493
222;187;0;698;10961,625;0;0,50793654;0,0413587;-0,03807626
221;189;0;645;10965,594;-0,2519685;0,503937;-0,063488126;-0,0010077559
221;191;0;573;10971,875;0;0,31840795;0,040114388;-0,029536964
221;192;0;497;10975,406;0;0,28318584;0;-0,009974403
221;193;0;421;10981,5625;0;0,16243654;0;-0,019614099
222;194;0;320;10985,5625;0,25;0,25;0,0625;0,021890864
222;195;0;220;10991,875;0;0,15841584;-0,03960396;-0,0145083815
223;195;0;96;10995,8125;0,25396827;0;0,06449988;-0,040232595
224;196;0;0;11001,531;0,17486338;0,17486338;-0,013832549;0,030577203
225;196;0;0;11005,625;0,24427481;0;0,016955463;-0,04271472
225;195;0;0;11011,844;0;-0,16080402;-0,03928037;-0,025857933
225;195;0;0;11015,375;0;0;0;0,04553742
225;195;0;0;11021,8125;0;0;0;0
224;194;17981;0;11025,625;-0,26229507;-0,26229507;-0,068798706;-0,068798706
224;194;20033;0;11032,844;0;0;0,03633525;0,03633525
224;194;20033;0;11040,156;0;0;0;0
224;194;19533;0;11048;0;0;0;0
224;194;19273;0;11049,0625;0;0;0;0
224;194;18993;0;11055,875;0;0;0;0
224;194;18621;0;11057,094;0;0;0;0
224;194;18141;0;11063,75;0;0;0;0
224;194;17781;0;11070,594;0;0;0;0
224;194;17781;0;11071,5625;0;0;0;0
224;194;17937;0;11078,4375;0;0;0;0
226;195;18205;0;11085,219;0,29493088;0,14746544;0,043492112;0,021746056
228;196;18541;0;11086,469;1,6;0,8;1,0440553;0,5220277
230;196;18873;0;11093,125;0,3004695;0;-0,19523463;-0,1201878
232;197;19105;0;11100;0,29090908;0,14545454;-0,0013906045;0,021157024
234;198;19217;0;11107,344;0,27234042;0,13617021;-0,002528499;-0,0012642496
237;198;19317;0;11108,4375;2,7428572;0;2,258758;-0,12449848
239;199;19325;0;11115,3125;0,29090908;0,14545454;-0,356647;0,021157024
241;200;19369;0;11116,344;1,939394;0,969697;1,5985309;0,79926544
244;200;19369;0;11123,344;0,42857143;0;-0,21583179;-0,13852814
246;201;19321;0;11130,0625;0,29767442;0,14883721;-0,019482346;0,022152515
249;201;19321;0;11136,6875;0,4528302;0;0,02341974;-0,022465995
251;202;19233;0;11137,719;1,939394;0,969697;1,4415164;0,94031227
253;202;19233;0;11144,625;0,28959277;0;-0,23888525;-0,14040862
255;202;19221;0;11145,75;1,7777778;0;1,3228312;0
257;203;19173;0;11152,281;0,30622008;0,15311004;-0,22531028;0,023442686
258;203;19173;0;11160,406;0,12307692;0;-0,022540698;-0,018844312
259;203;19165;0;11161,5;0,9142857;0;0,7233909;0
261;203;18953;0;11167,9375;0,3106796;0;-0,09376405;0
262;203;18265;0;11175,219;0,13733906;0;-0,023806429;0
262;203;17545;0;11176,375;0;0;-0,11877973;0
263;203;16477;0;11183,094;0,14883721;0;0,022152515;0
263;203;15117;0;11189,875;0;0;-0,021948345;0
263;202;13585;0;11196,8125;0;-0,14414415;0;-0,020777535
263;201;11909;0;11198,0625;0;-0,8;0;-0,5246847
263;200;9952;0;11205,156;0;-0,14096916;0;0,092903025
263;198;7228;0;11206,781;0;-1,2307693;0;-0,67064625
262;197;2988;0;11213,406;-0,1509434;-0,1509434;-0,022783909;0,16299258
260;195;1;0;11214,594;-1,6842105;-1,6842105;-1,2911724;-1,2911724
260;195;0;0;11215,531;0;0;1,7964913;1,7964913
256;191;0;20;11223,1875;-0,52244896;-0,52244896;-0,06823823;-0,06823823
253;188;0;92;11225,5;-1,2972972;-1,2972972;-0,33506954;-0,33506954
250;186;0;140;11232,156;-0,45070422;-0,3004695;0,12718768;0,14975816
246;182;0;188;11235,375;-1,2427185;-1,2427185;-0,24606268;-0,29273754
243;179;0;212;11241,375;-0,5;-0,5;0,12378641;0,12378641
239;176;0;236;11245,75;-0,9142857;-0,6857143;-0,09469388;-0,042448983
235;173;0;236;11251,75;-0,6666667;-0,5;0,04126984;0,030952385
232;170;0;236;11255,375;-0,82758623;-0,82758623;-0,0443916;-0,09036861
229;167;0;260;11262;-0,4528302;-0,4528302;0,05656695;0,05656695
226;165;0;236;11265,4375;-0,8727273;-0,58181816;-0,122151874;-0,037523773
225;163;0;212;11271,875;-0,1553398;-0,3106796;0,111438826;0,04211861
223;162;0;164;11275,625;-0,53333336;-0,26666668;-0,10079828;0,011736782
223;161;0;116;11281,344;0;-0,17486338;0,09326048;0,016053036
222;160;0;20;11285,781;-0,22535211;-0,22535211;-0,050783575;-0,011377741
222;159;0;0;11291,844;0;-0,16494845;0,037171483;0,00996349
221;158;0;0;11295,469;-0,27586207;-0,27586207;-0,07609988;-0,03059686
221;157;0;0;11301,8125;0;-0,15763547;0,043485645;0,018636705
221;157;0;0;11306,8125;0;0;0;0,031527095
221;157;19013;0;11311,625;0;0;0;0
221;157;21661;0;11318,469;0;0;0;0
221;157;21661;0;11325,875;0;0;0;0
221;157;20569;0;11326,969;0;0;0;0
221;157;19037;0;11333,75;0;0;0;0
225;158;18557;0;11341;0,55172414;0,13793103;0,07609988;0,01902497
228;159;18553;0;11342,156;2,5945945;0,8648649;1,7668067;0,62869954
230;160;18553;0;11349,0625;0,28959277;0,14479639;-0,3337559;-0,10426331
234;162;18561;0;11356,5;0,53781515;0,26890758;0,033374436;0,016687218
237;163;18573;0;11357,625;2,6666667;0,8888889;1,8923125;0,5510945
240;165;18621;0;11364,219;0,4549763;0,30331755;-0,33542225;-0,08880703
243;167;18625;0;11371,0625;0,43835616;0,29223743;-0,002428512;-0,0016190124
247;169;18625;0;11372,344;3,121951;1,5609756;2,0945132;0,9902347
250;171;18565;0;11379,094;0,44444445;0,2962963;-0,39666766;-0,18735988
254;173;18513;0;11385,75;0,600939;0,3004695;0,023510914;0,00062695803
258;175;18513;0;11386,75;4;2;3,399061;1,6995305
262;177;18513;0;11393,8125;0,5663717;0,28318584;-0,48617747;-0,24308874
266;180;18365;0;11400,719;0,57918555;0,43438914;0,0018554014;0,021893691
270;183;17373;0;11401,75;3,878788;2,909091;3,1996145;2,399711
275;186;15721;0;11409,1875;0,6722689;0,40336135;-0,43112862;-0,33690482
279;190;13493;0;11410,3125;3,5555556;3,5555556;2,5629215;2,8019505
282;193;9264;0;11417,125;0,44036698;0,44036698;-0,4572754;-0,4572754
285;196;2860;0;11418,375;2,4;2,4;1,5677065;1,5677065
285;196;0;0;11425,375;0;0;-0,34285715;-0,34285715
289;201;0;20;11426,469;3,6571429;4,571429;3,3436735;4,179592
291;205;0;64;11429,625;0,63366336;1,2673267;-0,9579341;-1,0468441
293;208;0;152;11436,031;0,31219512;0,46829268;-0,05018041;-0,12472726
295;212;0;240;11439,8125;0,5289256;1,0578512;0,05731715;0,15591629
297;216;0;353;11445,906;0,32820514;0,6564103;-0,03293874;-0,06587748
298;219;0;441;11449,375;0,2882883;0,8648649;-0,011507559;0,060095023
299;223;0;533;11455,625;0,16;0,64;-0,020526128;-0,035978384
300;227;0;621;11459,8125;0,23880596;0,95522386;0,018819336;0,07527734
301;232;0;686;11465,781;0,16753927;0,8376963;-0,01193997;-0,019690478
301;236;0;754;11469,781;0;1;-0,041884817;0,04057592
301;240;0;798;11476,031;0;0,64;0;-0,057600003
301;245;0;842;11479,6875;0;1,3675214;0;0,19898021
301;249;0;866;11485,969;0;0,6368159;0;-0,11633123
301;253;0;886;11489,594;0;1,1034483;0;0,12872617
301;256;0;910;11495,9375;0;0,4729064;0;-0,09939576
301;258;0;910;11499,656;0;0,53781515;0;0,017454451
302;260;0;910;11506,1875;0,15311004;0,30622008;0,023442686;-0,035459533
303;261;0;930;11510,906;0,21192053;0,21192053;0,01246315;-0,019984012
303;261;0;930;11515,906;0;0;-0,042384107;-0,042384107
303;261;0;930;11519,75;0;0;0;0
304;260;0;930;11526,0625;0,15841584;-0,15841584;0,025095578;-0,025095578
304;260;0;910;11531,344;0;0;-0,029995898;0,029995898
304;261;0;910;11535,781;0;0,22535211;0;0,050783575
304;261;0;886;11539,75;0;0;0;-0,056781635
304;261;0;866;11545,875;0;0;0;0
304;263;0;842;11555,75;0;0,20253165;0;0,020509534
303;263;0;822;11557,375;-0,61538464;0;-0,37869823;-0,12463486
302;264;0;798;11559,656;-0,43835616;0,43835616;0,07760152;0,19215612
301;264;0;778;11566,094;-0,1553398;0;0,043963704;-0,068094164
299;264;0;754;11569,656;-0,5614035;0;-0,1139828;0
298;264;0;710;11575,969;-0,15841584;0;0,06383963;0
296;264;0;686;11579,719;-0,53333336;0;-0,099978;0
296;263;0;641;11585,9375;0;-0,16080402;0,08576215;-0,025857933
296;263;0;577;11589,781;0;0;0;0,041835193
296;262;0;533;11595,969;0;-0,16161616;0;-0,026119784
295;262;0;465;11599,719;-0,26666668;0;-0,07111111;0,04309764
295;261;0;377;11606;0;-0,15920398;0,042454395;-0,025345907
296;260;0;308;11609,656;0,2735043;-0,2735043;0,07480459;-0,031261623
297;260;0;220;11615,969;0,15841584;0;-0,018231833;0,043327413
299;259;0;132;11619,625;0,5470086;-0,2735043;0,10628177;-0,07480459
302;259;0;64;11626,0625;0,46601942;0;-0,012580839;0,0424861
303;258;0;20;11629,656;0,27826086;-0,27826086;-0,052245863;-0,07742911
304;258;0;0;11636,031;0,15686275;0;-0,01904284;0,04364876
305;258;17313;0;11639,719;0,27118644;0;0,031003036;0
305;258;19641;0;11649,25;0;0;-0,028452348;0
305;258;19641;0;11650,469;0;0;0;0
305;258;18733;0;11660,281;0;0;0;0
305;258;17905;0;11661,375;0;0;0;0
305;258;17361;0;11671,125;0;0;0;0
305;258;17225;0;11673,5625;0;0;0;0
305;258;17217;0;11682,9375;0;0;0;0
305;258;17217;0;11684,1875;0;0;0;0
308;254;17353;0;11694,844;0,28152493;-0,37536657;0,026418762;-0,035225015
309;253;17613;0;11696,375;0,6530612;-0,6530612;0,24263594;-0,1813516
310;252;17961;0;11697,594;0,82051283;-0,82051283;0,1373962;-0,1373962
312;250;18181;0;11708,5625;0,18233618;-0,18233618;-0,05818135;0,05818135
313;249;18293;0;11710,094;0,6530612;-0,6530612;0,30741227;-0,30741227
314;248;18341;0;11711,281;0,84210527;-0,84210527;0,15919499;-0,15919499
315;247;18341;0;11720,656;0,10666667;-0,10666667;-0,07844678;0,07844678
317;246;18293;0;11722,75;0,95522386;-0,47761193;0,40528104;-0,17716789
318;246;18281;0;11739,25;0,060606062;0;-0,05421926;0,028946178
319;246;17997;0;11741,219;0,50793654;0;0,22721548;0
321;246;17229;0;11742,344;1,7777778;0;1,1287477;0
323;246;16001;0;11750,344;0,25;0;-0,19097222;0
325;247;14313;0;11751,781;1,3913044;0,6956522;0,79395086;0,48393196
327;249;12053;0;11753,031;1,6;1,6;0,16695651;0,72347826
330;251;9112;0;11761,625;0,3490909;0,23272727;-0,14556032;-0,15910083
332;253;4396;0;11762,906;1,5609756;1,5609756;0,94586116;1,0366815
332;253;0;0;11764,031;0;0;-1,3875338;-1,3875338
335;256;0;0;11772,8125;0,34163702;0,34163702;0,03890528;0,03890528
337;259;0;20;11773,9375;1,7777778;2,6666667;1,2765696;2,0666933
340;261;0;20;11775,4375;2;1,3333334;0,14814813;-0,8888889
343;264;0;40;11779,531;0,73282444;0,73282444;-0,30953908;-0,1466892
347;268;0;64;11785,8125;0,6368159;0,6368159;-0,0152849415;-0,0152849415
350;270;0;84;11789,656;0,7804878;0,5203252;0,037378047;-0,03030653
353;273;0;128;11795,844;0,4848485;0,4848485;-0,047780085;-0,0057336055
357;276;0;148;11799,625;1,0578512;0,7933884;0,15153791;0,081597336
360;278;0;172;11805,906;0,47761193;0,31840795;-0,0923764;-0,07561878
364;280;0;192;11809,5625;1,0940171;0,5470086;0,16858947;0,062523246
367;282;0;172;11816,6875;0,42105263;0,28070176;-0,09445116;-0,037376396
370;283;0;148;11819,406;1,1034483;0,3678161;0,25099608;0,032042053
372;284;0;128;11825,906;0,30769232;0,15384616;-0,122424;-0,03291845
373;285;0;84;11830,094;0,23880596;0,23880596;-0,016450472;0,020288909
373;285;0;0;11835,719;0;0;-0,042454395;-0,042454395
373;285;12857;0;11839,906;0;0;0;0
373;285;15481;0;11850,406;0;0;0;0
373;285;16161;0;11851,594;0;0;0;0
373;285;16765;0;11860,9375;0;0;0;0
373;285;17101;0;11862,281;0;0;0;0
369;280;17297;0;11871,719;-0,42384106;-0,5298013;-0,04491031;-0,056137886
367;277;17521;0;11873,844;-0,9411765;-1,4117647;-0,24345195;-0,41504163
364;274;17721;0;11883,219;-0,32;-0,32;0,066258825;0,1164549
362;271;17917;0;11884,469;-1,6;-2,4;-1,0239999;-1,6640002
358;268;18081;0;11886,031;-2,56;-1,92;-0,61439997;0,30720007
355;265;18189;0;11895,656;-0,3116883;-0,3116883;0,23359081;0,16709732
351;261;18241;0;11896,969;-3,047619;-3,047619;-2,084519;-2,084519
348;256;18241;0;11906,5;-0,3147541;-0,52459013;0,28672683;0,26471123
343;252;18233;0;11907,844;-3,7209303;-2,9767442;-2,534829;-1,8248589
339;247;18021;0;11917,375;-0,41967213;-0,52459013;0,34636152;0,2572752
335;242;17601;0;11918,781;-2,8444445;-3,5555556;-1,7242825;-2,155353
330;237;16669;0;11919,969;-4,2105265;-4,2105265;-1,1503848;-0,55155444
325;233;15321;0;11929,5;-0,52459013;-0,41967213;0,3867212;0,39772898
320;228;12949;0;11930,906;-3,5555556;-3,5555556;-2,155353;-2,2299614
316;224;8360;0;11944,094;-0,30331755;-0,30331755;0,2466152;0,2466152
312;221;1312;0;11945,1875;-3,6571429;-2,7428572;-3,0663545;-2,2304363
312;221;0;0;11946,3125;0;0;3,2507937;2,4380953
305;216;0;0;11947,531;-5,74359;-4,1025643;-4,712689;-3,3662066
300;213;0;0;11960,25;-0,39312038;-0,23587224;0,42067575;0,3040151
296;210;0;0;11961,281;-3,878788;-2,909091;-3,3800414;-2,5922122
291;207;0;24;11962,875;-3,137255;-1,882353;0,46527565;0,6442278
288;206;0;48;11965,625;-1,0909091;-0,36363637;0,7441257;0,5522606
285;204;0;48;11969,6875;-0,73846155;-0,4923077;0,086756326;-0,03167294
284;204;0;48;11975,844;-0,16243654;0;0,09356751;0,079968765
283;204;0;48;11979,719;-0,2580645;0;-0,024678184;0
282;204;0;24;11985,9375;-0,16080402;0;0,015639877;0
282;204;0;0;11989,6875;0;0;0,04288107;0
283;204;0;0;11996,125;0,1553398;0;0,024130456;0
283;205;0;0;11999,6875;0;0,28070176;-0,043604158;0,07879347
285;207;0;0;12005,9375;0,32;0,32;0,0512;0,0062877177
286;209;0;0;12009,719;0,2644628;0,5289256;-0,014687522;0,05525305
288;211;12973;0;12016,125;0,31219512;0,31219512;0,007450899;-0,033831097
288;211;16997;0;12026,719;0;0;-0,029469745;-0,029469745
288;211;17369;0;12027,875;0;0;0;0
292;215;17369;0;12038,1875;0,38787878;0,38787878;0,037612487;0,037612487
294;217;17133;0;12043,1875;0,4;0,4;0,0024242462;0,0024242462
295;218;17033;0;12044,4375;0,8;0,8;0,32;0,32
298;219;17025;0;12045,781;2,2325583;0,74418604;1,0660899;-0,041535977
300;221;17025;0;12055,8125;0,19937694;0,19937694;-0,20268473;-0,054311186
302;223;17073;0;12057,469;1,2075472;1,2075472;0,6087066;0,6087066
305;224;17261;0;12067,344;0,30379745;0,101265825;-0,09151896;-0,112028494
307;226;17545;0;12069,3125;1,0158731;1,0158731;0,36168918;0,4645624
310;228;17945;0;12070,844;1,9591837;1,3061224;0,6160396;0,1895506
313;229;18313;0;12080,219;0,32;0,10666667;-0,17484626;-0,12794195
316;231;18733;0;12082,3125;1,4328358;0,95522386;0,5315037;0,40528104
319;233;19237;0;12092,031;0,30868167;0,20578778;-0,11566859;-0,07711239
322;234;19641;0;12093,969;1,548387;0,516129;0,63984793;0,16017613
326;236;19949;0;12103,8125;0,4063492;0,2031746;-0,116016544;-0,031792197
330;238;20157;0;12106,5;1,4883721;0,74418604;0,40261316;0,20130658
334;240;20317;0;12107,4375;4,266667;2,1333334;2,9635146;1,4817573
338;242;20377;0;12116,3125;0,45070422;0,22535211;-0,42996764;-0,21498382
342;244;20381;0;12117,9375;2,4615386;1,2307693;1,2374364;0,6187182
346;245;20381;0;12127,875;0,4025157;0,10062893;-0,20719728;-0,11372481
350;247;20381;0;12129,406;2,6122448;1,3061224;1,4430884;0,787261
354;248;20321;0;12130,375;4,129032;1,032258;1,5657159;-0,28269872
357;249;20245;0;12140,281;0,30283913;0,100946374;-0,3862403;-0,094012536
360;249;20037;0;12141,75;2,0425532;0;1,1844862;-0,068729445
362;250;19513;0;12151,125;0,21333334;0,10666667;-0,19511677;0,011377778
363;250;18921;0;12152,5;0,72727275;0;0,37377408;-0,07757576
365;249;18257;0;12153,3125;2,4615386;-1,2307693;2,134481;-1,5147929
365;249;17441;0;12162,875;0;0;-0,2574158;0,1287079
365;247;16177;0;12164,3125;0;-1,3913044;0;-0,9678639
364;245;14553;0;12175,031;-0,093294464;-0,18658893;-0,008703857;0,11239328
363;243;12249;0;12176,406;-0,72727275;-1,4545455;-0,46107513;-0,92215025
361;241;7892;0;12185,531;-0,21917808;-0,21917808;0,05568161;0,13538273
359;239;716;0;12187,0625;-1,3061224;-1,3061224;-0,7098412;-0,7098412
359;239;0;0;12188,281;0;0;1,0716902;1,0716902
353;235;0;20;12197,375;-0,6597938;-0,43986255;-0,07255464;-0,048369765
347;231;0;44;12198,969;-3,764706;-2,509804;-1,9481801;-1,2987869
342;227;0;92;12199,8125;-5,9259257;-4,740741;-2,5614457;-2,6440732
335;223;0;140;12203,6875;-1,8064516;-1,032258;1,0630902;0,9570278
329;218;0;212;12209,969;-0,95522386;-0,7960199;0,13551883;0,03761005
322;214;0;284;12213,906;-1,7777778;-1,0158731;-0,20890258;-0,055835724
316;210;0;353;12219,9375;-0,9948186;-0,6632124;0,12981707;0,058472235
310;206;0;425;12224,625;-1,28;-0,85333335;-0,06083869;-0,04055913
304;202;0;449;12230,0625;-1,1034483;-0,7356322;0,032469276;0,021646192
300;198;0;425;12233,594;-1,1327434;-1,1327434;-0,008295954;-0,11245626
296;194;0;401;12239,8125;-0,6432161;-0,6432161;0,078717954;0,078717954
293;191;0;332;12243,5625;-0,8;-0,8;-0,04180905;-0,04180905
290;189;0;260;12250,094;-0,45933014;-0,30622008;0,05215998;0,075602666
289;187;0;164;12253,5;-0,29357797;-0,58715594;0,048661187;-0,08247658
288;185;0;44;12259,844;-0,15763547;-0,31527093;0,02142936;0,04285872
288;185;0;0;12263,656;0;0;0,04134701;0,08269402
287;184;0;0;12270,156;-0,15384616;-0,15384616;-0,02366864;-0,02366864
286;183;0;0;12273,75;-0,27826086;-0,27826086;-0,03461974;-0,03461974
286;183;20173;0;12279,906;0;0;0,045199733;0,045199733
286;183;22750;0;12289,344;0;0;0;0
286;183;22750;0;12290,594;0;0;0;0
286;183;22594;0;12300,25;0;0;0;0
286;183;21393;0;12301,656;0;0;0;0
289;185;20721;0;12311,5625;0,30283913;0,20189275;0,03057051;0,02038034
293;187;20681;0;12312,9375;2,909091;1,4545455;1,895456;0,9110202
297;189;20681;0;12313,75;4,923077;2,4615386;2,4787521;1,2393761
301;191;20693;0;12323,344;0,4169381;0,20846905;-0,46969524;-0,23484762
305;193;20741;0;12324,4375;3,6571429;1,8285714;2,962473;1,4812365
310;196;20913;0;12333,9375;0,5263158;0,31578946;-0,32956073;-0,1592402
315;198;21181;0;12335,219;3,902439;1,5609756;2,635023;0,97185254
320;201;21325;0;12344,6875;0,5280528;0,31683168;-0,35637084;-0,13139473
325;204;21473;0;12345,9375;4;2,4;2,7775578;1,6665348
331;206;21593;0;12355,375;0,6357616;0,21192053;-0,3564756;-0,23184949
337;209;21677;0;12356,781;4,266667;2,1333334;2,581977;1,3663381
343;212;21677;0;12365,844;0,66206896;0,33103448;-0,39774874;-0,19887437
349;215;21677;0;12366,9375;5,4857144;2,7428572;4,41019;2,205095
354;217;21669;0;12376,8125;0,5063291;0,20253165;-0,5042416;-0,25724816
359;220;21621;0;12377,9375;4,4444447;2,6666667;3,5005472;2,1903424
363;222;21477;0;12387,094;0,43686005;0,21843003;-0,4376884;-0,2673842
367;224;20941;0;12388,5;2,8444445;1,4222223;1,7120601;0,85603005
370;225;20149;0;12390;2;0,6666667;-0,562963;-0,5037037
372;226;19009;0;12399,5625;0,20915033;0,104575165;-0,1872784;-0,05878081
373;227;17673;0;12400,8125;0,8;0,8;0,47267976;0,55633986
374;227;16101;0;12410,6875;0,101265825;0;-0,07075789;-0,08101266
375;228;14273;0;12412;0,7619048;0,7619048;0,50334394;0,5804989
375;228;11901;0;12421,5;0;0;-0,0802005;-0,0802005
374;228;8040;0;12423,094;-0,627451;0;-0,39369476;0
374;228;4036;0;12424;0;0;0,69235975;0
374;228;0;0;12424,906;0;0;0;0
370;228;0;0;12433,969;-0,4413793;0;-0,048703924;0
366;228;0;24;12435,25;-3,121951;0;-2,0921535;0
362;228;0;48;12440,0625;-0,83116883;0;0,4760067;0
359;228;0;72;12443,6875;-0,82758623;0;0,0009883025;0
354;229;0;96;12449,75;-0,82474226;0,16494845;0,00046910945;0,027207991
350;229;0;124;12454,031;-0,93430656;0;-0,025591662;-0,038528103
346;230;0;148;12459,9375;-0,67724866;0,16931216;0,043523032;0,02866661
342;232;0;196;12463,5625;-1,1034483;0,55172414;-0,11757231;0,10549296
338;233;0;220;12469,6875;-0,6530612;0,1632653;0,07353258;-0,06342185
335;235;0;248;12473,531;-0,7804878;0,5203252;-0,033151627;0,09289363
333;236;0;272;12479,719;-0,32323232;0,16161616;0,07389987;-0,057973176
331;237;0;272;12484,344;-0,43243244;0,21621622;-0,023610836;0,011805418
330;238;0;272;12489,9375;-0,17877094;0,17877094;0,04534731;-0,006694128
329;239;0;220;12493,875;-0,25396827;0,25396827;-0,019097732;0,019097732
328;240;0;172;12500,3125;-0,1553398;0,1553398;0,015320926;-0,015320926
328;241;0;72;12503,719;0;0,29357797;0,04560435;0,04058368
328;242;0;0;12510,375;0;0,15023474;0;-0,021535132
328;243;0;0;12513,906;0;0,28318584;0;0,037649866
328;244;0;0;12519,9375;0;0,1658031;0;-0,019462422
329;245;0;0;12523,8125;0,2580645;0,2580645;0,06659729;0,023809394
329;246;16745;0;12531,031;0;0,13852814;-0,035749197;-0,01655915
329;246;18877;0;12541,4375;0;0;0;-0,013312013
329;246;19161;0;12542,75;0;0;0;0
329;246;19161;0;12543,8125;0;0;0;0
329;246;18569;0;12553,094;0;0;0;0
329;246;18113;0;12554,781;0;0;0;0
329;246;17777;0;12564,219;0;0;0;0
329;246;17429;0;12565,4375;0;0;0;0
329;246;17429;0;12574,8125;0;0;0;0
329;246;17653;0;12575,969;0;0;0;0
329;246;18445;0;12584,844;0;0;0;0
330;241;19257;0;12586,281;0,6956522;-3,4782608;0,48393196;-2,4196596
330;239;19921;0;12595,344;0;-0,22068965;-0,07676162;0,35945612
330;237;20469;0;12596,75;0;-1,4222223;0;-0,85442317
330;234;20957;0;12606,1875;0;-0,3178808;0;0,117016315
329;232;21357;0;12607,5;-0,7619048;-1,5238096;-0,5804989;-0,9188029
329;228;21749;0;12616,375;0;-0,45070422;0,08584843;0,120913275
328;225;22090;0;12617,5;-0,8888889;-2,6666667;-0,79012346;-1,9697443
326;221;22330;0;12626,4375;-0,22377622;-0,44755244;0,0744182;0,2482925
325;216;22526;0;12627,4375;-1;-5;-0,7762238;-4,5524473
323;211;22670;0;12633,969;-0,30622008;-0,76555026;0,10622468;0,6483368
320;205;22766;0;12634,8125;-3,5555556;-7,111111;-3,8510644;-7,5206647
318;199;22874;0;12641,3125;-0,30769232;-0,9230769;0,49967128;0,95200527
314;193;22974;0;12647,8125;-0,61538464;-0,9230769;-0,04733728;0
311;187;23094;0;12654,469;-0,45070422;-0,90140843;0,02474072;0,0032553605
307;180;23238;0;12655,469;-4;-7;-3,549296;-6,098592
304;174;23446;0;12661,75;-0,47761193;-0,95522386;0,5607782;0,9623524
300;167;23746;0;12669,1875;-0,53781515;-0,9411765;-0,008094551;0,0018887239
296;160;24086;0;12670,6875;-2,6666667;-4,6666665;-1,4192344;-2,48366
292;154;24290;0;12677,8125;-0,5614035;-0,84210527;0,29547554;0,53678054
288;147;24518;0;12684,875;-0,5663717;-0,99115044;-0,00070345716;-0,021103742
284;140;24686;0;12685,875;-4;-7;-3,4336283;-6,0088496
281;134;24758;0;12693,656;-0,38554215;-0,7710843;0,46450865;0,8005032
278;128;24758;0;12695,125;-2,0425532;-4,0851064;-1,1281778;-2,2563555
275;122;24670;0;12702,125;-0,42857143;-0,85714287;0,23056881;0,46113762
273;117;24574;0;12709,156;-0,28444445;-0,7111111;0,02049806;0,02076896
271;113;24430;0;12710,1875;-1,939394;-3,878788;-1,6047995;-3,0716867
269;110;24262;0;12717,0625;-0,29090908;-0,43636364;0,23977962;0,50071627
268;107;23998;0;12725,25;-0,122137405;-0,36641222;0,020613335;0,008543684
268;106;23598;0;12726,344;0;-0,9142857;0,11166848;-0,5009129
267;105;23006;0;12733,1875;-0,14611872;-0,14611872;-0,02135068;0,112243585
267;104;22266;0;12740,875;0;-0,1300813;0,019007312;0,0020861684
267;104;21233;0;12742,031;0;0;0;0,11250274
267;104;19633;0;12748,969;0;0;0;0
268;105;16965;0;12750,125;0,8648649;0,8648649;0,74799126;0,74799126
269;107;12689;0;12757,5625;0,13445379;0,26890758;-0,098206535;-0,08012871
270;111;10892;0;12764,469;0,14479639;0,57918555;0,0014975708;0,044927128
271;115;6356;0;12765,625;0,8648649;3,4594595;0,62276196;2,4910479
271;115;0;0;12766,719;0;0;-0,79073364;-3,1629345
272;123;0;0;12774,156;0,13445379;1,0756303;0,01807782;0,14462256
273;127;0;0;12775,094;1,0666667;4,266667;0,9943605;3,4037726
274;133;0;44;12780,031;0,20253165;1,2151898;-0,1750147;-0,61802065
275;139;0;68;12783,656;0,27586207;1,6551725;0,02022908;0,121374525
277;145;0;112;12789,906;0,32;0,96;0,007062068;-0,1112276
279;151;0;184;12793,625;0,53781515;1,6134454;0,058572143;0,17571642
281;157;0;228;12799,969;0,31527093;0,9458128;-0,03508086;-0,10524257
284;162;0;276;12803,781;0,78688526;1,3114754;0,12370212;0,095911495
288;167;0;324;12810,1875;0,62439024;0,7804878;-0,025365075;-0,08288587
292;172;0;324;12813,656;1,1531532;1,4414414;0,15243617;0,19054519
296;177;0;345;12820,094;0,6213592;0,776699;-0,08260877;-0,10326096
300;181;0;324;12823,781;1,0847458;1,0847458;0,12566414;0,08353811
304;185;0;324;12827,781;1;1;-0,021186441;-0,021186441
309;188;0;252;12834,281;0,7692308;0,46153846;-0,035502955;-0,08284024
313;192;0;160;12839,969;0,7032967;0,7032967;-0,011592802;0,042506948
317;194;0;68;12843,875;1,024;0,512;0,08210005;-0,048971955
319;196;0;0;12847,9375;0,4923077;0,4923077;-0,13087812;-0,004847343
320;197;0;0;12854,156;0,16080402;0,16080402;-0,053307127;-0,053307127
320;198;15205;0;12857,6875;0;0,28318584;-0,04553742;0,0346568
320;198;17361;0;12867,094;0;0;0;-0,030106137
320;198;17361;0;12868,5;0;0;0;0
320;198;16937;0;12878,25;0;0;0;0
320;198;16937;0;12879,625;0;0;0;0
320;198;17161;0;12889,594;0;0;0;0
320;198;17685;0;12890,9375;0;0;0;0
320;198;18105;0;12900,5;0;0;0;0
323;193;18425;0;12902,031;1,9591837;-3,2653062;1,2794669;-2,1324449
324;191;18833;0;12912,1875;0,09846154;-0,19692308;-0,18320957;0,30211774
326;189;19337;0;12913,719;1,3061224;-1,3061224;0,7886765;-0,72437507
327;187;19997;0;12915,3125;0,627451;-1,254902;-0,42583305;0,0321383
329;185;20657;0;12925,719;0,1921922;-0,1921922;-0,041826673;0,10212226
331;183;21265;0;12927,094;1,4545455;-1,4545455;0,91807514;-0,91807514
333;181;21886;0;12928,3125;1,6410257;-1,6410257;0,15300937;-0,15300937
336;178;22358;0;12938,344;0,2990654;-0,2990654;-0,13377796;0,13377796
339;176;22686;0;12940,219;1,6;-1,0666667;0,69383174;-0,40938738
342;174;22918;0;12949,969;0,30769232;-0,20512821;-0,13254438;0,088362925
345;171;23122;0;12951,625;1,8113208;-1,8113208;0,90785116;-0,96977663
348;169;23438;0;12962,531;0,27507162;-0,1833811;-0,14085951;0,14926668
352;166;23702;0;12964,031;2,6666667;-2;1,5943967;-1,2110792
355;164;23918;0;12965,375;2,2325583;-1,4883721;-0,32305747;0,38074636
358;162;23994;0;12974,4375;0,33103448;-0,22068965;-0,20982333;0,1398822
361;160;24102;0;12975,531;2,7428572;-1,8285714;2,205095;-1,4700633
365;158;24234;0;12984,094;0,46715328;-0,23357664;-0,26577565;0,18627676
368;157;24402;0;12985,094;3;-1;2,5328467;-0,76642334
371;156;24486;0;12994,219;0,32876712;-0,10958904;-0,29273784;0,097579286
374;155;24534;0;12995,5625;2,2325583;-0,74418604;1,4167749;-0,47225824
377;154;24534;0;13005,469;0,30283913;-0,100946374;-0,19479814;0,06493271
380;153;24442;0;13006,8125;2,2325583;-0,74418604;1,43607;-0,47869
382;153;24226;0;13007,9375;1,7777778;0;-0,4042493;0,6614987
385;153;23862;0;13016,719;0,34163702;0;-0,16354628;0
386;152;23418;0;13018,1875;0,68085104;-0,68085104;0,23095423;-0,46355817
388;152;22810;0;13027,469;0,21548821;0;-0,050140105;0,07335769
388;152;21950;0;13028,6875;0;0;-0,17681085;0
389;152;20833;0;13038,25;0,104575165;0;0,010935965;0
389;152;19377;0;13039,781;0;0;-0,06829399;0
389;152;17513;0;13048,8125;0;0;0;0
388;152;15749;0;13050,031;-0,82051283;0;-0,6732413;0
385;151;13665;0;13059,531;-0,31578946;-0,10526316;0,053128775;-0,011080332
382;151;8332;0;13061,0625;-1,9591837;0;-1,0732371;0,06874329
379;150;4;0;13070,594;-0,3147541;-0,10491803;0,17253031;-0,011007793
379;150;0;0;13072,219;0;0;0,19369483;0,06456494
372;149;0;0;13072,906;-10,181818;-1,4545455;-14,809917;-2,1157026
368;149;0;72;13073,594;-5,818182;0;6,347107;2,1157026
363;148;0;148;13080,281;-0,74766356;-0,1495327;0,7582084;-0,02236003
357;147;0;196;13083,594;-1,8113208;-0,3018868;-0,32110408;-0,04599369
351;146;0;220;13088,594;-1,2;-0,2;0,12226415;0,020377358
345;145;0;248;13094;-1,1098266;-0,1849711;0,016679488;0,0027799138
340;144;0;272;13097,531;-1,4159292;-0,28318584;-0,08668393;-0,027813025
335;143;0;320;13103,875;-0,7881773;-0,15763547;0,09895596;0,019791191
331;142;0;349;13107,969;-0,97709924;-0,24427481;-0,046148866;-0,02116381
328;141;0;373;13113,594;-0,53333336;-0,17777778;0,07889171;0,011821694
326;141;0;373;13117,781;-0,47761193;0;0,01330661;0,042454395
324;141;0;349;13123,719;-0,33684212;0;0,023708599;0
323;140;0;296;13127,8125;-0,24427481;-0,24427481;0,022611862;-0,059670184
322;140;0;272;13133,8125;-0,16666667;0;0,012934689;0,04071247
321;140;0;196;13137,625;-0,26229507;0;-0,025082858;0
321;139;0;124;13143,656;0;-0,1658031;0,043489337;-0,02749067
321;139;0;24;13147,75;0;0;0;0,04050152
321;139;0;0;13153,8125;0;0;0;0
322;139;0;0;13158,1875;0,22857143;0;0,052244898;0
322;140;0;0;13163,656;0;0,18285714;-0,041795917;0,033436734
322;140;17821;0;13167,719;0;0;0;-0,045010988
322;140;19849;0;13176,75;0;0;0;0
322;140;19849;0;13178,281;0;0;0;0
322;140;18993;0;13188,125;0;0;0;0
322;140;17981;0;13189,656;0;0;0;0
322;140;17325;0;13199,4375;0;0;0;0
322;140;17325;0;13200,6875;0;0;0;0
322;140;17325;0;13210,406;0;0;0;0
322;140;17821;0;13212,219;0;0;0;0
322;140;18425;0;13222,281;0;0;0;0
326;135;18953;0;13223,6875;2,8444445;-3,5555556;2,022716;-2,5283952
326;133;19497;0;13224,5;0;-2,4615386;-3,5008547;1,3464825
327;131;20021;0;13233,375;0,112676054;-0,22535211;0,012695894;0,2519647
327;129;20461;0;13234,8125;0;-1,3913044;-0,07838334;-0,8110972
328;126;20789;0;13244,375;0,104575165;-0,3137255;0,010935965;0,11268799
328;124;21069;0;13246,094;0;-1,1636363;-0,060843732;-0,49449357
329;121;21313;0;13256,625;0,09495549;-0,28486648;0,009016545;0,08344402
330;118;21557;0;13257,969;0,74418604;-2,2325583;0,4831483;-1,449445
330;115;21837;0;13259,375;0;-2,1333334;-0,52919894;0,07055986
330;112;22142;0;13269,5;0;-0,2962963;0;0,18143576
331;108;22530;0;13271,219;0,58181816;-2,3272727;0,3385124;-1,181659
331;105;22830;0;13280,531;0;-0,32214764;-0,06247712;0,21531545
331;101;23074;0;13281,969;0;-2,7826087;0;-1,7116251
331;97;23278;0;13292,844;0;-0,3678161;0;0,22204989
331;93;23462;0;13294,344;0;-2,6666667;0;-1,532567
331;89;23618;0;13295,625;0;-3,121951;0;-0,35534388
331;85;23798;0;13305,531;0;-0,4037855;0;0,27438897
331;81;23966;0;13306,9375;0;-2,8444445;0;-1,7355797
331;77;24138;0;13308,156;0;-3,2820513;0;-0,359062
330;73;24258;0;13317,6875;-0,10491803;-0,41967213;-0,011007793;0,30031517
330;68;24306;0;13318,9375;0;-4;0,08393443;-2,8642623
329;64;24378;0;13328,4375;-0,10526316;-0,42105263;-0,011080332;0,3767313
329;60;24390;0;13329,875;0;-2,7826087;0,07322655;-1,6428216
328;56;24402;0;13340,5625;-0,09356725;-0,374269;-0,008754831;0,22534174
328;52;24410;0;13342,375;0;-2,2068965;0,05162331;-1,0111048
327;49;24554;0;13343,781;-0,7111111;-2,1333334;-0,505679;0,052311536
327;45;24722;0;13353,5;0;-0,41157556;0,07316899;0,17715837
326;42;24942;0;13355,719;-0,45070422;-1,3521127;-0,2031343;-0,42390403
326;39;25302;0;13365,25;0;-0,3147541;0,047287;0,10883761
325;36;25566;0;13366,844;-0,627451;-1,882353;-0,39369476;-0,98359144
325;33;25710;0;13368,1875;0;-2,2325583;0,46694028;-0,2606179
325;31;25794;0;13378,125;0;-0,20125785;0;0,20440757
324;29;25806;0;13379,344;-0,82051283;-1,6410257;-0,6732413;-1,181348
324;27;25814;0;13389,219;0;-0,20253165;0,08308991;0,14567028
324;26;25818;0;13390,5625;0;-0,74418604;0;-0,40309164
324;24;25826;0;13400,1875;0;-0,20779221;0;0,05572923
324;24;25830;0;13401,469;0;0;0;0,16217929
324;23;25838;0;13411,4375;0;-0,10031348;0;-0,010062794
324;23;25850;0;13413;0;0;0;0,064200625
324;23;25858;0;13414,3125;0;0;0;0
324;23;25910;0;13424,531;0;0;0;0
324;23;25922;0;13425,8125;0;0;0;0
324;23;25982;0;13435,406;0;0;0;0
324;23;25994;0;13436,906;0;0;0;0
324;23;26042;0;13439,1875;0;0;0;0
324;23;26054;0;13448,75;0;0;0;0
324;23;26066;0;13450,719;0;0;0;0
324;23;26094;0;13471,9375;0;0;0;0
324;23;26106;0;13473,25;0;0;0;0
324;23;26118;0;13474,531;0;0;0;0
324;23;26166;0;13482;0;0;0;0
324;23;26178;0;13489,625;0;0;0;0
324;23;26190;0;13491,125;0;0;0;0
324;23;26190;0;13498,406;0;0;0;0
324;23;26186;0;13500;0;0;0;0
324;23;26054;0;13507,625;0;0;0;0
323;23;25922;0;13508,5;-1,1428572;0;-1,3061225;0
323;23;25810;0;13515,219;0;0;0,17009968;0
323;24;25678;0;13522,375;0;0,139738;0;0,019526707
322;25;25522;0;13523,531;-0,8648649;0,8648649;-0,74799126;0,62713677
322;26;25150;0;13530,156;0;0,1509434;0,13054565;-0,10776173
320;28;24738;0;13537,125;-0,28699553;0,28699553;-0,041183215;0,019523175
319;30;24438;0;13538,375;-0,8;1,6;-0,41040358;1,0504036
318;33;24102;0;13544,8125;-0,1553398;0,46601942;0,1001414;-0,17615233
317;35;23642;0;13552,344;-0,13278009;0,26556018;0,0029954812;-0,026616994
316;37;23026;0;13553,844;-0,6666667;1,3333334;-0,3559244;0,7118488
314;40;22106;0;13560,656;-0,29357797;0,44036698;0,054765318;-0,13107763
312;42;20865;0;13561,719;-1,882353;1,882353;-1,4953176;1,3571633
310;45;19189;0;13569,344;-0,26229507;0,39344263;0,2124666;-0,19526693
308;48;16961;0;13576,75;-0,27004218;0,4050633;-0,0010460238;0,0015690357
306;51;14637;0;13577,6875;-2,1333334;3,2;-1,9875107;2,9812658
304;54;11653;0;13584,281;-0,30331755;0,4549763;0,27753794;-0,4163069
303;56;6940;0;13591,125;-0,14611872;0,29223743;0,022969693;-0,023779195
301;58;936;0;13592,125;-2;2;-1,8538812;1,7077626
301;58;0;0;13592,844;0;0;2,7826087;-2,7826087
299;60;0;20;13599,531;-0,2990654;0,2990654;-0,04472006;0,04472006
297;62;0;44;13601,3125;-1,122807;1,122807;-0,46245143;0,46245143
295;63;0;88;13607,719;-0,31219512;0,15609756;0,12653454;-0,15090099
293;64;0;136;13611,9375;-0,47407407;0,23703703;-0,038371306;0,019185653
290;65;0;180;13617,6875;-0,5217391;0,17391305;-0,008289576;-0,010978085
288;65;0;224;13621,875;-0,47761193;0;0,010537838;-0,041531473
286;66;0;292;13627,8125;-0,33684212;0,16842106;0,023708599;0,028365653
285;66;0;316;13631,594;-0,2644628;0;0,019141639;-0,044541106
284;66;0;361;13637,5;-0,16931216;0;0,01611016;0
283;67;0;385;13641,5;-0,25;0,25;-0,020171959;0,0625
281;67;0;385;13647,9375;-0,3106796;0;-0,00942596;-0,03883495
280;68;0;409;13652,844;-0,20382166;0,20382166;0,021779966;0,041543268
279;69;0;385;13657,906;-0,19753087;0,19753087;0,0012426259;-0,0012426259
278;70;0;361;13661,4375;-0,28318584;0,28318584;-0,024256276;0,024256276
277;71;0;316;13667,8125;-0,15686275;0,15686275;0,019815387;-0,019815387
277;72;0;272;13671,625;0;0,26229507;0,041144326;0,027654378
277;73;0;204;13677,781;0;0,16243654;0;-0,016220674
277;74;0;112;13681,406;0;0,27586207;0;0,0312898
278;75;0;20;13687,75;0,15763547;0,15763547;0,02484894;-0,018636705
279;77;0;0;13691,656;0,256;0,512;0,025181323;0,09071733
281;78;0;0;13697,625;0,33507854;0,16753927;0,013248758;-0,057710703
281;78;0;0;13701,656;0;0;-0,08312026;-0,04156013
282;79;17081;0;13707,5625;0,16931216;0,16931216;0,02866661;0,02866661
282;79;19681;0;13714,375;0;0;-0,024853162;-0,024853162
282;79;19681;0;13721,0625;0;0;0;0
282;79;19157;0;13722,156;0;0;0;0
282;79;18797;0;13728,594;0;0;0;0
282;79;18529;0;13735,719;0;0;0;0
282;79;18261;0;13742,281;0;0;0;0
282;79;18261;0;13743,281;0;0;0;0
286;82;18433;0;13749,906;0,6037736;0,4528302;0,091135636;0,06835173
288;83;18605;0;13756,625;0,29767442;0,14883721;-0,045558948;-0,04524547
290;85;18937;0;13757,656;1,939394;1,939394;1,5919704;1,7362975
292;86;19429;0;13764,094;0,3106796;0,1553398;-0,25300416;-0,27713463
295;87;19909;0;13771,094;0,42857143;0,14285715;0,01684169;-0,0017832369
297;88;20225;0;13772,125;1,939394;0,969697;1,4650401;0,8017841
300;90;20349;0;13778,5625;0,46601942;0,3106796;-0,22887373;-0,10237163
303;91;20405;0;13785,281;0,44651163;0,14883721;-0,002903486;-0,024088172
305;93;20405;0;13792,531;0,27586207;0,27586207;-0,02353787;0,01752067
308;94;20405;0;13793,594;2,8235295;0,9411765;2,3978047;0,62617826
310;95;20357;0;13800,3125;0,29767442;0,14883721;-0,37594122;-0,11792956
313;96;20305;0;13807,531;0,41558442;0,13852814;0,016333852;-0,0014280963
314;97;20245;0;13808,594;0,9411765;0,9411765;0,49467492;0,7554337
316;98;19965;0;13815,4375;0,29223743;0,14611872;-0,09482214;-0,11617283
317;99;19341;0;13822,469;0,14222223;0,14222223;-0,021335496;-0,00055416743
318;99;18553;0;13823,3125;1,1851852;0;1,2361044;-0,16855967
318;99;17565;0;13830,125;0;0;-0,17397214;0
318;99;16381;0;13837,531;0;0;0;0
318;99;14869;0;13838,656;0;0;0;0
318;98;13397;0;13845,156;0;-0,15384616;0;-0,02366864
317;96;12757;0;13852,469;-0,13675214;-0,2735043;-0,018701147;-0,016363505
315;93;11809;0;13853,5625;-1,8285714;-2,7428572;-1,5468062;-2,2576942
313;90;9476;0;13860,625;-0,28318584;-0,42477876;0,21881565;0,3282235
311;86;6440;0;13861,8125;-1,6842105;-3,368421;-1,1798103;-2,4788568
309;84;1800;0;13868,656;-0,29223743;-0,29223743;0,20339334;0,449488
309;84;0;0;13869,75;0;0;0,26718852;0,26718852
304;78;0;0;13877,031;-0,6866953;-0,82403433;-0,09431008;-0,1131721
302;76;0;0;13878,406;-1,4545455;-1,4545455;-0,5584365;-0,45855358
299;72;0;0;13881,406;-1;-1,3333334;0,15151517;0,04040404
296;68;0;0;13887,906;-0,46153846;-0,61538464;0,08284024;0,11045365
292;65;0;0;13891,625;-1,0756303;-0,8067227;-0,16513395;-0,051452253
290;62;0;0;13897,656;-0,3316062;-0,4974093;0,123361506;0,05128512
288;60;0;0;13901,3125;-0,5470086;-0,5470086;-0,058913466;-0,013565609
285;59;0;0;13907,5;-0,4848485;-0,16161616;0,010046072;0,062285643
284;57;0;0;13911,75;-0,23529412;-0,47058824;0,058718678;-0,07269931
282;56;12785;0;13917,969;-0,32160804;-0,16080402;-0,013879625;0,04981455
282;56;15977;0;13925,0625;0;0;0,045336816;0,022668408
282;56;16829;0;13931,875;0;0;0;0
282;56;17153;0;13932,844;0;0;0;0
282;56;17725;0;13939,781;0;0;0;0
282;56;18505;0;13946,344;0;0;0;0
282;56;18813;0;13953,469;0;0;0;0
282;56;18813;0;13954,5;0;0;0;0
282;56;18057;0;13961,0625;0;0;0;0
282;56;17525;0;13962,031;0;0;0;0
282;56;17413;0;13968,625;0;0;0;0
285;56;17409;0;13975,4375;0,44036698;0;0,06464103;0
288;57;17409;0;13982,531;0,4229075;0,14096916;-0,0024612485;0,019872304
290;58;17421;0;13983,406;2,2857144;1,1428572;2,1289222;1,1450149
293;59;17509;0;13990,0625;0,45070422;0,15023474;-0,27568227;-0,14912638
296;60;17573;0;13996,8125;0,44444445;0,14814815;-0,00092737324;-0,00030912514
299;62;17573;0;13997,875;2,8235295;1,882353;2,2391388;1,6321927
303;64;17573;0;14004,625;0,5925926;0,2962963;-0,3305092;-0,23497136
306;66;17061;0;14011,219;0,4549763;0,30331755;-0,02087072;0,0010648338
310;69;16553;0;14012,094;4,571429;3,4285715;4,7045174;3,5717187
314;72;15845;0;14018,969;0,58181816;0,43636364;-0,580307;-0,43523023
317;76;14989;0;14025,4375;0,46376812;0,6183575;-0,01824928;0,028134314
321;80;13673;0;14031,6875;0,64;0,64;0,028197099;0,003462801
325;84;11949;0;14032,75;3,764706;3,764706;2,9408996;2,9408996
329;89;9460;0;14040;0,55172414;0,6896552;-0,4431699;-0,42414495
333;94;6524;0;14046,75;0,5925926;0,7407407;0,0060545867;0,007568227
336;98;2556;0;14048;2,4;3,2;1,445926;1,9674075
336;98;0;0;14048,906;0;0;-2,6482759;-3,5310345
341;104;0;0;14055,5625;0,75117373;0,90140843;0,112852395;0,13542287
343;107;0;20;14057,344;1,122807;1,6842105;0,20863624;0,43946785
347;111;0;40;14061,531;0,95522386;0,95522386;-0,040019862;-0,17408638
350;115;0;60;14067,5;0,5026178;0,6701571;-0,07582929;-0,04775988
353;119;0;84;14071,469;0,7559055;1,007874;0,06382053;0,085094035
355;121;0;124;14077,625;0,3248731;0,3248731;-0,070015416;-0,110944316
357;123;0;148;14081,656;0,49612403;0,49612403;0,042480852;0,042480852
358;124;0;148;14087,8125;0,16243654;0,16243654;-0,054203045;-0,054203045
359;125;0;168;14091,406;0,27826086;0,27826086;0,032229375;0,032229375
360;126;0;168;14097,531;0,1632653;0,1632653;-0,018774785;-0,018774785
362;127;0;148;14101,656;0,4848485;0,24242425;0,07795957;0,019190047
363;128;0;148;14107,5625;0,16931216;0,16931216;-0,05342414;-0,012378766
364;129;0;124;14111,625;0,24615385;0,24615385;0,018914877;0,018914877
365;130;0;0;14117,375;0,17391305;0,17391305;-0,012563617;-0,012563617
365;130;9080;0;14121,375;0;0;-0,04347826;-0,04347826
365;130;17009;0;14128,125;0;0;0;0
365;130;19001;0;14134,531;0;0;0;0
365;130;19281;0;14141,469;0;0;0;0
365;130;19405;0;14142,469;0;0;0;0
365;130;19821;0;14149,281;0;0;0;0
361;130;20261;0;14156,0625;-0,58986175;0;-0,086984225;0
360;129;20641;0;14162,906;-0,14611872;-0,14611872;0,06483917;-0,02135068
358;127;20809;0;14164,094;-1,6842105;-1,6842105;-1,2952352;-1,2952352
356;126;20897;0;14171,406;-0,2735043;-0,13675214;0,1929171;0,21161824
355;124;20901;0;14172,4375;-0,969697;-1,939394;-0,675096;-1,7480164
353;122;20905;0;14179,469;-0,28444445;-0,28444445;0,09745814;0,2353706
351;120;21001;0;14186,5;-0,28444445;-0,28444445;0;0
349;117;21101;0;14187,594;-1,8285714;-2,7428572;-1,4117732;-2,2476916
348;115;21149;0;14194,344;-0,14814815;-0,2962963;0,2489516;0,36245346
346;112;21197;0;14201,8125;-0,26778242;-0,40167364;-0,016017977;-0,014109101
344;110;21197;0;14203,219;-1,4222223;-1,4222223;-0,82093495;-0,72572345
343;107;21209;0;14210,344;-0,14035088;-0,42105263;0,17991176;0,14051504
342;105;21221;0;14211,656;-0,7619048;-1,5238096;-0,47356486;-0,8401958
341;103;21229;0;14218,594;-0,14414415;-0,2882883;0,08904658;0,17809317
340;102;21241;0;14226,031;-0,13445379;-0,13445379;0,0013029055;0,020683631
340;101;21253;0;14232,8125;0;-0,14746544;0,019827288;-0,0019187685
339;101;21485;0;14233,844;-0,969697;0;-0,94031227;0,14299679
339;101;21813;0;14241,375;0;0;0,12875645;0
339;101;22226;0;14242,594;0;0;0;0
339;101;22430;0;14249,6875;0;0;0;0
339;100;22430;0;14257,5625;0;-0,12698413;0;-0,01612497
340;100;22326;0;14259,0625;0,6666667;0;0,44444445;0,08465609
341;100;22326;0;14266;0,14414415;0;-0,07531857;0
342;99;22558;0;14272,6875;0,1495327;-0,1495327;0,0008057657;-0,02236003
344;97;22786;0;14273,594;2,2068965;-2,2068965;2,2701945;-2,2701945
346;96;23078;0;14280,156;0,30476192;-0,15238096;-0,2898491;0,31306905
349;94;23538;0;14287,5625;0,4050633;-0,27004218;0,013542803;-0,015886748
351;93;23998;0;14288,719;1,7297298;-0,8648649;1,1456575;-0,51444125
354;91;24370;0;14295,531;0,44036698;-0,29357797;-0,18926427;0,08385863
357;89;24634;0;14296,594;2,8235295;-1,882353;2,2429764;-1,4953176
359;87;24806;0;14303,281;0,2990654;-0,2990654;-0,37748995;0,23675327
362;85;24902;0;14309,969;0,44859812;-0,2990654;0,02236003;0
365;83;24906;0;14316,781;0,44036698;-0,29357797;-0,0012082397;0,00080549606
368;81;24914;0;14317,906;2,6666667;-1,7777778;1,9789331;-1,3192887
371;79;24922;0;14325,1875;0,41201717;-0,2746781;-0,30965146;0,2064343
375;77;24922;0;14326,5;3,047619;-1,5238096;2,0080776;-0,95171916
378;76;24874;0;14333,719;0,41558442;-0,13852814;-0,36461088;0,19190046
382;74;24642;0;14340,469;0,5925926;-0,2962963;0,026223434;-0,02337306
387;74;24078;0;14341,6875;4,1025643;0;2,8799767;0,24311492
391;73;23146;0;14348,375;0,5981308;-0,1495327;-0,52402747;-0,02236003
396;73;21641;0;14355,344;0,71748877;0;0,017127598;0,021457609
400;74;18649;0;14356,156;4,923077;1,2307693;5,176109;1,5147929
403;75;11829;0;14356,8125;4,571429;1,5238096;-0,5358451;0,44653755
403;75;0;0;14363,375;0;0;-0,69659865;-0,23219955
407;80;0;120;14366,281;1,3763441;1,7204301;0,47358075;0,591976
408;83;0;312;14371,4375;0,19393939;0,58181816;-0,22931486;-0,22082172
407;87;0;533;14375,5625;-0,24242425;0,969697;-0,105785124;0,09403123
408;90;0;754;14381,75;0,16161616;0,4848485;0,06529946;-0,07835935
407;92;0;898;14385,5625;-0,26229507;0,52459013;-0,11118983;0,010424036
407;94;0;970;14391,656;0;0,32820514;0,043043293;-0,03222728
407;94;0;970;14395,4375;0;0;0;-0,08679805
558;364;0;1023;14662,031;0,5664049;1,012777;0,0021245992;0,0037989523
558;363;0;1023;14666,4375;0;-0,22695035;-0,12854579;-0,28135654
556;361;0;1023;14670,156;-0,53781515;-0,53781515;-0,14462256;-0,0835939
555;361;0;1023;14676,031;-0,17021276;0;0,062570624;0,091543004
551;359;0;1023;14679,6875;-1,0940171;-0,5470086;-0,25266445;-0,14960918
547;356;0;1023;14685,9375;-0,64;-0,48;0,07264274;0,010721373
543;354;0;1023;14689,6875;-1,0666667;-0,53333336;-0,113777794;-0,014222233
538;352;0;1023;14695,6875;-0,8333333;-0,33333334;0,0388889;0,033333335
534;350;0;1023;14699,75;-0,9846154;-0,4923077;-0,037238665;-0,039132148
530;347;0;1023;14705,656;-0,67724866;-0,50793654;0,052040927;-0,0026461536
526;344;0;1023;14709,656;-1;-0,75;-0,080687836;-0,060515866
523;342;0;1023;14715,906;-0,48;-0,32;0,0832;0,0688
520;340;0;1023;14719,6875;-0,7933884;-0,5289256;-0,08287959;-0,05525305
519;339;0;1023;14725,719;-0,1658031;-0,1658031;0,10405559;0,060206838
519;339;0;1023;14729,594;0;0;0,0427879;0,0427879
520;339;0;1023;14735,844;0,16;0;0,0256;0
521;340;0;1023;14739,594;0,26666668;0,26666668;0,028444448;0,07111111
521;341;0;1023;14745,6875;0;0,16410257;-0,043760687;-0,016831033
521;341;0;1023;14749,5;0;0;0;-0,043043297
521;338;0;1023;14755,719;0;-0,48241207;0;-0,0775738
519;338;0;994;14759,5;-0,5289256;0;-0,13988115;0,12758005
518;337;0;994;14765,719;-0,16080402;-0,16080402;0,05919543;-0,025857933
518;337;0;970;14769,594;0;0;0,04149781;0,04149781
520;338;0;970;14775,719;0,3265306;0,1632653;0,05331112;0,02665556
522;339;0;946;14779,5625;0,5203252;0,2601626;0,0504181;0,02520905
524;341;0;922;14785,719;0,3248731;0,3248731;-0,031748563;0,01051135
528;343;0;922;14789,469;1,0666667;0,53333336;0,19781163;0,055589404
531;346;0;898;14795,719;0,48;0,48;-0,093866676;-0,00853334
533;348;0;898;14799,6875;0,503937;0,503937;0,0060313744;0,0060313744
535;350;0;898;14805,469;0,34594595;0,34594595;-0,027328182;-0,027328182
535;350;0;898;14809,844;0;0;-0,07907336;-0,07907336
535;350;0;898;14816;0;0;0;0
534;350;0;898;14819,469;-0,2882883;0;-0,08311014;0
534;350;0;922;14825,5625;0;0;0,047308847;0
534;350;0;898;14829,844;0;0;0;0
534;351;0;898;14836,0625;0;0,16080402;0;0,025857933
534;350;0;898;14840,031;0;-0,2519685;0;-0,10400568
535;349;0;874;14845,8125;0,17297298;-0,17297298;0,02991965;0,013664091
535;348;0;850;14849,8125;0;-0,25;-0,043243244;-0,019256756
535;346;0;826;14855,75;0;-0,33684212;0;-0,014626041
535;346;0;778;14865,6875;0;0;0;0,033896063
535;346;0;754;14869,781;0;0;0;0
535;346;0;706;14877;0;0;0;0
535;346;0;682;14879,594;0;0;0;0
535;345;0;653;14886,156;0;-0,15238096;0;-0,023219956
536;345;0;629;14889,781;0,27586207;0;0,07609988;0,042036127
537;345;0;629;14896,3125;0,15311004;0;-0,018794568;0
538;345;0;605;14899,8125;0,2857143;0;0,03788693;0
538;346;0;605;14905,906;0;0,16410257;-0,046886448;0,026929652
538;346;0;605;14909,8125;0;0;0;-0,04201026
538;346;0;605;14915,9375;0;0;0;0
538;346;0;605;14919,9375;0;0;0;0
538;347;0;605;14926,125;0;0,16161616;0;0,026119784
538;347;0;605;14929,594;0;0;0;-0,046592046
538;347;0;605;14935,875;0;0;0;0
537;347;0;605;14939,906;-0,24806201;0;-0,061534762;0
536;346;0;581;14946;-0,16410257;-0,16410257;0,01377796;-0,026929652
535;345;0;557;14949,594;-0,27826086;-0,27826086;-0,031765785;-0,031765785
534;345;0;533;14955,8125;-0,16080402;0;0,018887531;0,044745464
534;345;0;509;14960;0;0;0,03840096;0
534;345;0;485;14965,875;0;0;0;0
534;344;0;485;14969,594;0;-0,26890758;0;-0,07231128
534;344;0;461;14975,875;0;0;0;0,042811155
533;344;0;437;14979,594;-0,26890758;0;-0,07231128;0
533;344;0;413;14985,719;0;0;0,043903276;0
533;345;0;389;14989,875;0;0,24060151;0;0,057889085
533;346;0;365;14995,875;0;0,16666667;0;-0,012322473
533;347;0;341;15000,156;0;0,23357664;0;0,015628606
533;348;0;312;15005,844;0;0,17582418;0;-0,010154279
533;349;0;288;15009,4375;0;0,27826086;0;0,028504118
533;350;0;264;15015,75;0;0,15841584;0;-0,01898535
533;350;0;240;15019,8125;0;0;0;-0,03899467
534;350;0;216;15026,0625;0,16;0;0,0256;0
534;350;0;168;15029,594;0;0;-0,045309734;0
535;350;0;144;15036,0625;0,15458937;0;0,023897873;0
535;350;0;96;15039,75;0;0;-0,04192254;0
535;350;0;24;15046,0625;0;0;0;0
536;349;0;0;15049,719;0,2735043;-0,2735043;0,07480459;-0,07480459
536;349;0;0;15055,875;0;0;-0,044427093;0,044427093
535;349;0;0;15059,656;-0,2644628;0;-0,069940574;0
535;349;12381;0;15065,969;0;0;0,041895095;0
535;349;14797;0;15075,6875;0;0;0;0
535;349;15501;0;15076,9375;0;0;0;0
535;349;15953;0;15086,781;0;0;0;0
535;349;16181;0;15088,3125;0;0;0;0
535;349;16273;0;15089,531;0;0;0;0
535;349;16397;0;15099,125;0;0;0;0
535;349;16697;0;15100,406;0;0;0;0
535;349;17393;0;15109,625;0;0;0;0
535;349;18161;0;15111,0625;0;0;0;0
533;349;18753;0;15120,8125;-0,20512821;0;-0,021038791;0
533;349;19161;0;15122,0625;0;0;0,16410257;0
533;348;19405;0;15131,9375;0;-0,101265825;0;-0,010254767
532;347;19577;0;15133,031;-0,9142857;-0,9142857;-0,83591837;-0,74333245
531;345;19689;0;15134,094;-0,9411765;-1,882353;-0,025308946;-0,9111221
530;343;19909;0;15144,5625;-0,09552239;-0,19104478;0,0807789;0,1615578
528;339;20189;0;15145,844;-1,5609756;-3,121951;-1,1437683;-2,2875366
526;334;20593;0;15155,5;-0,20711975;-0,5177994;0,14020513;0,26968563
524;329;20969;0;15156,469;-2,064516;-5,16129;-1,9173124;-4,7932806
521;323;21273;0;15166,125;-0,3106796;-0,6213592;0,18162706;0,47015464
517;316;21493;0;15167,3125;-3,368421;-5,894737;-2,5749402;-4,4407387
514;309;21797;0;15177,156;-0,30476192;-0,7111111;0,31122887;0,5265905
510;302;22078;0;15178,344;-3,368421;-5,894737;-2,5799236;-4,3651586
505;294;22454;0;15188,531;-0,49079755;-0,78527606;0,2824661;0,50154215
501;286;22874;0;15189,5625;-3,878788;-7,757576;-3,285324;-6,7610183
496;278;23190;0;15190,656;-4,571429;-7,3142858;-0,6332716;0,40529394
492;271;23506;0;15200,1875;-0,41967213;-0,7344262;0,43559414;0,69034594
487;264;23902;0;15201,844;-3,018868;-4,226415;-1,5693258;-2,1083705
483;257;24158;0;15211,9375;-0,39628482;-0,69349843;0,2598225;0,35001034
479;251;24254;0;15213,219;-3,121951;-4,6829267;-2,1273494;-3,1137002
475;246;24266;0;15214,219;-4;-5;-0,8780489;-0,31707335
472;241;24270;0;15224,156;-0,3018868;-0,5031447;0,3721372;0,45251372
469;237;24378;0;15225,375;-2,4615386;-3,2820513;-1,772022;-2,2801285
466;233;24438;0;15235,219;-0,30476192;-0,4063492;0,21910112;0,29213482
464;230;24438;0;15237,4375;-0,90140843;-1,3521127;-0,26891112;-0,42625958
462;227;24430;0;15247,781;-0,19335347;-0,2900302;0,06845244;0,102678664
460;224;24322;0;15249,0625;-1,5609756;-2,3414633;-1,0674124;-1,6011186
458;222;24314;0;15250,656;-1,254902;-1,254902;0,19204615;0,68176395
457;220;24254;0;15259,5625;-0,112280704;-0,22456141;0,12829432;0,11568736
456;218;24206;0;15260,8125;-0,8;-1,6;-0,5501754;-1,1003509
455;217;24110;0;15269,6875;-0,112676054;-0,112676054;0,07744495;0,1675858
455;216;23926;0;15271,094;0;-0,7111111;0,0801252;-0,4255538
454;215;23482;0;15278,375;-0,13733906;-0,13733906;-0,018862016;0,07880131
454;214;22890;0;15279,344;0;-1,032258;0,14176935;-0,92378736
454;214;21882;0;15285,8125;0;0;0;0,15957612
454;214;20629;0;15292,281;0;0;0;0
454;214;18937;0;15299,1875;0;0;0;0
454;214;16721;0;15300,125;0;0;0;0
454;215;12841;0;15306,719;0;0,15165877;0;0,023000382
454;215;8492;0;15313,281;0;0;0;-0,02310991
454;217;2644;0;15314,219;0;2,1333334;0;2,2755556
454;217;0;0;15314,9375;0;0;0;-2,968116
454;222;0;20;15321,719;0;0,7373272;0;0,10873028
455;225;0;60;15323,281;0,64;1,92;0,4096;0,75691056
455;228;0;104;15329,531;0;0,48;-0,1024;-0,2304
455;231;0;148;15333,469;0;0,7619048;0;0,071594864
456;234;0;212;15339,375;0,16931216;0,50793654;0,02866661;-0,042999912
457;238;0;252;15343,656;0,23357664;0,93430656;0,015010681;0,09959008
459;241;0;296;15349,531;0,34042552;0,5106383;0,018187044;-0,072113745
460;244;0;316;15353,6875;0,24060151;0,7218045;-0,024017807;0,050806906
462;247;0;341;15362,875;0,21768707;0,3265306;-0,0024940886;-0,04302301
464;249;0;341;15363,844;2,064516;2,064516;1,906404;1,7940495
467;252;0;341;15369,656;0,516129;0,516129;-0,26638916;-0,26638916
470;255;0;341;15373,5625;0,768;0,768;0,06447897;0,06447897
472;258;0;316;15379,656;0,32820514;0,4923077;-0,072171465;-0,045241814
476;260;0;296;15383,531;1,032258;0,516129;0,18169108;0,0061474387
479;262;0;276;15389,6875;0,48730963;0,3248731;-0,088519536;-0,031066952
483;264;0;212;15393,844;0,96240604;0,48120302;0,11430891;0,037613217
485;266;0;148;15399,844;0,33333334;0,33333334;-0,10484544;-0,024644947
486;268;0;104;15403,4375;0,27826086;0,5565217;-0,015324518;0,06210459
489;269;0;0;15409,75;0,47524753;0,15841584;0,03120581;-0,063066274
489;269;14513;0;15413,656;0;0;-0,12166337;-0,040554456
489;269;16357;0;15420,531;0;0;0;0
489;269;16357;0;15427,375;0;0;0;0
489;269;16293;0;15434,1875;0;0;0;0
489;269;15849;0;15435,219;0;0;0;0
489;269;15849;0;15442,094;0;0;0;0
489;269;16077;0;15449,219;0;0;0;0
489;269;16369;0;15450,3125;0;0;0;0
490;264;16769;0;15457,0625;0,14814815;-0,7407407;0,021947874;-0,10973936
490;262;17229;0;15463,719;0;-0,3004695;-0,022256998;0,066144034
490;259;17689;0;15464,906;0;-2,5263157;0;-1,8743969
490;257;18169;0;15471,6875;0;-0,29493088;0;0,32905212
489;254;18637;0;15480;-0,120300755;-0,36090225;-0,014472271;-0,007936406
489;251;19081;0;15480,8125;0;-3,6923077;0,14806247;-4,100191
489;247;19549;0;15487,4375;0;-0,6037736;0;0,46619383
489;243;19965;0;15494,0625;0;-0,6037736;0;0
489;239;20381;0;15495,0625;0;-4;0;-3,3962264
488;235;20721;0;15501,5625;-0,15384616;-0,61538464;-0,02366864;0,52071005
488;230;20989;0;15509,0625;0;-0,6666667;0,020512821;-0,0068376064
488;224;21257;0;15510,344;0;-4,6829267;0;-3,1346421
488;219;21501;0;15517,219;0;-0,72727275;0;0,57536787
488;213;21693;0;15524;0;-0,8847926;0;-0,023228738
488;206;21962;0;15524,969;0;-7,225806;0;-6,5455623
487;199;22218;0;15531,344;-0,15686275;-1,0980393;-0,024605922;0,96121836
487;192;22450;0;15538,0625;0;-1,0418605;0,023347015;0,008361497
487;186;22762;0;15544,594;0;-0,9186603;0;0,018863184
487;179;23174;0;15545,531;0;-7,4666667;0;-6,9845405
487;173;23622;0;15553,25;0;-0,77732795;0;0,86663496
487;166;23862;0;15554,625;0;-5,090909;0;-3,1371498
487;159;24058;0;15561,219;0;-1,0616114;0;0,6110783
486;152;24202;0;15568,219;-0,14285715;-1;-0,020408165;0,008801631
486;145;24478;0;15575,1875;0;-1,0044843;0,02049968;-0,0006434864
486;137;24730;0;15576,4375;0;-6,4;0;-4,316413
486;130;24890;0;15583,906;0;-0,9372385;0;0,73141575
486;123;24974;0;15585,1875;0;-5,4634147;0;-3,5326252
486;115;25094;0;15592,25;0;-1,1327434;0;0,6131924
486;108;25346;0;15599,781;0;-0,9294606;0;0,026991904
485;100;25442;0;15600,781;-1;-8;-1;-7,0705395
485;93;25450;0;15608,1875;0;-0,9451477;0,13502109;0,9525539
485;85;25510;0;15615,25;0;-1,1327434;0;-0,026562218
485;79;25558;0;15616,4375;0;-5,0526314;0;-3,3009584
485;72;25566;0;15623,469;0;-0,9955556;0;0,57700634
485;67;25566;0;15624,344;0;-5,714286;0;-5,3928347
485;62;25522;0;15630,844;0;-0,7692308;0;0,7607777
485;57;25522;0;15637,656;0;-0,73394495;0;0,0051795715
485;53;25474;0;15644,25;0;-0,6066351;0;0,019307656
484;49;25390;0;15645,531;-0,7804878;-3,121951;-0,6091612;-1,9631735
484;46;25378;0;15652,531;0;-0,42857143;0,11149825;0,38476852
484;42;25318;0;15653,719;0;-3,368421;0;-2,475663
483;39;25270;0;15660,375;-0,15023474;-0,45070422;-0,022570478;0,43834245
483;37;25150;0;15667,781;0;-0,27004218;0,02028486;0,024393186
482;34;24958;0;15674,719;-0,14414415;-0,43243244;-0,020777535;-0,023407605
482;31;24558;0;15675,844;0;-2,6666667;0,12812813;-1,9859861
482;29;24330;0;15683,5625;0;-0,25910932;0;0,31191027
481;27;24030;0;15685,031;-0,68085104;-1,3617021;-0,46355817;-0,7507014
481;25;23546;0;15691,719;0;-0,2990654;0,1018095;0,15889893
481;23;23134;0;15698,656;0;-0,2882883;0;0,0015534582
481;21;22674;0;15699,875;0;-1,6410257;0;-1,1099384
481;19;22166;0;15706,719;0;-0,29223743;0;0,19708322
481;18;21581;0;15714,625;0;-0,12648222;0;0,020965086
481;17;20741;0;15715,719;0;-0,9142857;0;-0,7202775
481;17;19593;0;15723,219;0;0;0;0,12190476
481;17;17993;0;15724,219;0;0;0;0
481;17;16109;0;15731,156;0;0;0;0
481;18;13381;0;15738,406;0;0,13793103;0;0,01902497
481;21;8072;0;15739,4375;0;2,909091;0;2,6871853
481;24;3972;0;15745,6875;0;0,48;0;-0,38865456
481;24;0;0;15746,5625;0;0;0;-0,5485714
480;32;0;0;15753,1875;-0,1509434;1,2075472;-0,022783909;0,18227127
480;36;0;44;15754,3125;0;3,5555556;0,1341719;2,0871186
478;43;0;92;15759,875;-0,35955057;1,258427;-0,0646383;-0,41296697
477;51;0;188;15763,906;-0,24806201;1,9844961;0,027656075;0,18011016
476;60;0;284;15770,344;-0,1553398;1,3980583;0,014403449;-0,09109714
474;69;0;353;15773,625;-0,60952383;2,7428572;-0,13841799;0,40984347
472;78;0;449;15779,75;-0,3265306;1,4693878;0,046202976;-0,20791338
471;89;0;521;15783,719;-0,2519685;2,7716537;0,018787302;0,32812998
470;100;0;593;15787,5625;-0,2601626;2,8617885;-0,0021317955;0,023449719
470;111;0;665;15794,6875;0;1,5438596;0,036514048;-0,18497248
471;122;0;758;15799,719;0,19875777;2,1863353;0,03950465;0,12769704
470;134;0;806;15803,375;-0,2735043;3,2820513;-0,1291657;0,299683
471;145;0;854;15807,781;0,22695035;2,496454;0,113578364;-0,17829159
472;154;0;902;15813,469;0,17582418;1,5824176;-0,008989216;-0,1607097
475;164;0;926;15817,594;0,72727275;2,4242425;0,1336845;0,20407876
478;173;0;950;15823,8125;0,48241207;1,4472362;-0,039374582;-0,15710655
481;183;0;974;15827,406;0,8347826;2,7826087;0,09805093;0,37158194
484;194;0;974;15833,531;0,48979592;1,7959183;-0,056324355;-0,16109231
484;194;0;974;15837,594;0;0;-0,12056515;-0,4420722
492;215;0;974;15843,8125;1,2864321;3,3768845;0,20686346;0,5430166
496;225;0;974;15847,719;1,024;2,56;-0,067182615;-0,20912243
500;235;0;998;15853,75;0,6632124;1,6580311;-0,05981971;-0,14954923
503;245;0;998;15857,594;0,7804878;2,601626;0,030510662;0,24548808
506;254;0;998;15863,781;0,4848485;1,4545455;-0,047780085;-0,18538673
508;263;0;998;15868;0,47407407;2,1333334;-0,0025539398;0,16089788
510;271;0;998;15874;0,33333334;1,3333334;-0,023456788;-0,13333334
513;279;0;998;15877,9375;0,7619048;2,0317461;0,108843535;0,17737468
514;286;0;998;15883,969;0,1658031;1,1606218;-0,098835506;-0,14443514
516;292;0;998;15887,781;0,52459013;1,5737705;0,094108075;0,10836689
518;298;0;998;15894,031;0,32;0,96;-0,032734424;-0,09820329
520;303;0;974;15897,719;0,5423729;1,3559322;0,06030451;0,10737146
522;307;0;974;15904;0,31840795;0,6368159;-0,03565611;-0,11448618
523;311;0;974;15907,875;0,2580645;1,032258;-0,015572501;0,10204958
525;314;0;950;15914,0625;0,32323232;0,4848485;0,010532172;-0,08847023
526;317;0;950;15917,781;0,26890758;0,8067227;-0,014608335;0,08655441
526;318;0;926;15924,219;0;0,1553398;-0,04177205;-0,101185694
526;320;0;902;15927,719;0;0,5714286;0;0,118882515
525;321;0;878;15934,125;-0,15609756;0,15609756;-0,024366448;-0,06483216
526;322;0;854;15937,8125;0,27118644;0,27118644;0,11587363;0,031210544
527;323;0;830;15944,0625;0,16;0,16;-0,017789831;-0,017789831
529;324;0;806;15947,906;0,5203252;0,2601626;0,09374314;0,026058562
530;326;0;782;15954;0,16410257;0,32820514;-0,058457047;0,011165956
530;327;0;758;15957,75;0;0,26666668;-0,043760683;-0,016410256
530;328;0;734;15963,969;0;0,16080402;0;-0,017023142
531;329;0;710;15967,719;0,26666668;0,26666668;0,07111111;0,028230043
531;330;0;686;15974,031;0;0,15841584;-0,042244226;-0,017148647
532;331;0;665;15977,781;0,26666668;0,26666668;0,07111111;0,02886689
533;332;0;617;15983,969;0,16161616;0,16161616;-0,016977862;-0,016977862
535;333;0;593;15987,656;0,5423729;0,27118644;0,10325606;0,029713973
536;334;0;545;15994;0,15763547;0,15763547;-0,060648266;-0,01789966
537;335;0;497;15999;0,2;0,2;0,008472907;0,008472907
539;336;0;473;16004;0,4;0,2;0,04;0
541;337;0;401;16008,031;0,49612403;0,24806201;0,023844719;0,0119223595
543;338;0;353;16013,9375;0,33862433;0,16931216;-0,026666615;-0,013333308
545;339;0;284;16017,969;0,49612403;0,24806201;0,039069694;0,019534847
547;340;0;212;16024;0,3316062;0,1658031;-0,027277566;-0,013638783
549;341;0;116;16027,781;0,5289256;0,2644628;0,05218364;0,02609182
551;341;0;44;16033,906;0,3265306;0;-0,03304408;-0,0431776
553;341;0;0;16037,75;0,5203252;0;0,0504181;0
554;342;0;0;16044,0625;0,15841584;0,15841584;-0,05733217;0,025095578
555;342;0;0;16047,781;0,26890758;0;0,029712064;-0,042599216
555;343;15617;0;16054,125;0;0,15763547;-0,04238937;0,02484894
555;343;17989;0;16063,6875;0;0;0;-0,016484754
555;343;18521;0;16065,406;0;0;0;0
555;343;18521;0;16075,25;0;0;0;0
555;343;18197;0;16077;0;0;0;0
555;343;17913;0;16078,344;0;0;0;0
555;343;17681;0;16087,969;0;0;0;0
555;343;17469;0;16089,281;0;0;0;0
555;343;17305;0;16099,469;0;0;0;0
555;343;17169;0;16100,875;0;0;0;0
555;343;17169;0;16110,5;0;0;0;0
557;343;17561;0;16111,844;1,4883721;0;1,1076257;0
558;343;18005;0;16122,0625;0,09785933;0;-0,13607463;0
560;344;18513;0;16123,5625;1,3333334;0,6666667;0,82364935;0,44444445
562;345;18929;0;16125,0625;1,3333334;0,6666667;0;0
565;346;19361;0;16135,3125;0,29268292;0,09756097;-0,10152688;-0,055522513
568;347;19705;0;16136,9375;1,8461539;0,61538464;0,95598215;0,31866074
571;349;19997;0;16138,219;2,3414633;1,5609756;0,386583;0,73802215
574;350;20205;0;16147,5;0,32323232;0,107744105;-0,2174525;-0,15657713
577;351;20329;0;16148,969;2,0425532;0,68085104;1,1706015;0,39020047
581;352;20377;0;16158,969;0,4;0,1;-0,16425532;-0,058085103
584;354;20425;0;16160,344;2,1818182;1,4545455;1,2958678;0,985124
588;355;20437;0;16171,25;0,3667622;0,09169055;-0,16642348;-0,124960914
591;356;20437;0;16173,0625;1,6551725;0,55172414;0,7108471;0,25381163
594;357;20389;0;16175,094;1,4769231;0,4923077;-0,087753534;-0,029251171
597;358;20381;0;16185,1875;0,2972136;0,099071205;-0,11687524;-0,038958415
600;359;20321;0;16186,9375;1,7142857;0,5714286;0,80975544;0,2699185
602;359;20221;0;16188,094;1,7297298;0;0,013357008;-0,4942085
605;360;20209;0;16196,969;0,33802816;0,112676054;-0,15681145;0,012695894
607;361;20149;0;16198,375;1,4222223;0,7111111;0,77098244;0,4255538
609;361;20085;0;16207,625;0,21621622;0;-0,13037904;-0,07687688
610;362;19905;0;16208,781;0,8648649;0,8648649;0,56099343;0,74799126
611;362;19353;0;16217,719;0,11188811;0;-0,08424915;-0,096768096
612;362;18625;0;16220,094;0,42105263;0;0,13017453;0
612;362;17785;0;16229,469;0;0;-0,044912282;0
612;362;16669;0;16230,8125;0;0;0;0
612;362;15273;0;16240,625;0;0;0;0
612;362;13701;0;16242;0;0;0;0
612;361;12693;0;16251,844;0;-0,1015873;0;-0,01031998
610;360;11785;0;16253,594;-1,1428572;-0,5714286;-0,6530613;-0,26848075
608;359;8972;0;16254,781;-1,6842105;-0,84210527;-0,4558765;-0,22793825
606;357;4556;0;16263,406;-0,23188406;-0,23188406;0,16838568;0,07075028
606;357;0;0;16265,25;0;0;0,12576763;0,12576763
602;354;0;0;16266,844;-2,509804;-1,882353;-1,574779;-1,1810842
597;350;0;48;16277,781;-0,45714286;-0,36571428;0,18767188;0,1386641
595;349;0;48;16279,125;-1,4883721;-0,74418604;-0,76742643;-0,2816534
593;347;0;24;16284,25;-0,3902439;-0,3902439;0,21426892;0,06906188
591;346;0;0;16287,656;-0,58715594;-0,29357797;-0,057809044;0,028378986
590;345;0;0;16294,094;-0,1553398;-0,1553398;0,06707823;0,021473888
590;344;0;0;16298,219;0;-0,24242425;0,037658136;-0,02111138
589;343;0;0;16304,8125;-0,15165877;-0,15165877;-0,023000382;0,013765381
588;343;0;0;16307,531;-0,3678161;0;-0,07950614;0,055782538
587;343;0;0;16313,8125;-0,15920398;0;0,03321188;0
586;343;11581;0;16318,031;-0,23703703;0;-0,018449318;0
586;343;14273;0;16327,906;0;0;0,02400375;0
586;343;15497;0;16329,219;0;0;0;0
586;343;16001;0;16338,6875;0;0;0;0
586;343;16469;0;16340,469;0;0;0;0
586;343;16669;0;16349,531;0;0;0;0
586;343;16905;0;16350,875;0;0;0;0
586;343;17353;0;16360,625;0;0;0;0
586;343;17937;0;16362;0;0;0;0
586;343;18517;0;16371,531;0;0;0;0
582;344;19105;0;16372,781;-3,2;0,8;-2,56;0,64
581;344;19501;0;16373,656;-1,1428572;0;2,3510203;-0,9142857
579;343;19669;0;16382,5625;-0,22456141;-0,112280704;0,10310689;-0,012606956
577;343;19877;0;16383,875;-1,5238096;0;-0,98990333;0,0855472
574;341;19989;0;16393,469;-0,31270358;-0,20846905;0,12623906;-0,021729672
571;340;19997;0;16394,812;-2,2325583;-0,74418604;-1,428729;-0,39867312
568;338;20045;0;16404,875;-0,29813665;-0,19875777;0,19224066;0,05420405
565;335;20045;0;16405,906;-2,909091;-2,909091;-2,5318344;-2,628202
562;332;20037;0;16415,281;-0,32;-0,32;0,27616972;0,27616972
558;329;19989;0;16416,438;-3,4594595;-2,5945945;-2,7152083;-1,9672168
554;326;19929;0;16425,938;-0,42105263;-0,31578946;0,3198323;0,23987421
551;322;19877;0;16427,25;-2,2857144;-3,047619;-1,4206946;-2,081394
547;319;19817;0;16428,438;-3,368421;-2,5263157;-0,911753;0,43899235
544;315;19697;0;16438,219;-0,30670926;-0,40894568;0,31301847;0,21647234
540;312;19489;0;16439,531;-3,047619;-2,2857144;-2,0883121;-1,429919
537;309;18921;0;16448,969;-0,3178808;-0,3178808;0,2892438;0,20851216
534;306;18205;0;16450,406;-2,0869565;-2,0869565;-1,2306613;-1,2306613
532;304;17413;0;16460;-0,20846905;-0,20846905;0,19580325;0,19580325
530;302;16629;0;16461,344;-1,4883721;-1,4883721;-0,952486;-0,952486
529;301;15625;0;16471,281;-0,10062893;-0,10062893;0,13964711;0,13964711
529;301;14617;0;16472,656;0;0;0,07318468;0,07318468
528;301;13881;0;16473,469;-1,2307693;0;-1,5147929;0
528;301;13589;0;16483;0;0;0,12912989;0
528;301;13169;0;16484,938;0;0;0;0
529;302;12949;0;16494,625;0,103225805;0,103225805;0,010655567;0,010655567
530;303;12645;0;16496,125;0,6666667;0,6666667;0,37562725;0,37562725
531;305;12477;0;16505,031;0,112280704;0,22456141;-0,062246844;-0,04963989
532;306;12469;0;16506,375;0,74418604;0,74418604;0,4702551;0,3866974
534;307;12469;0;16515,062;0,23021583;0,11510792;-0,059162036;-0,07241187
535;307;12561;0;16516,469;0,7111111;0;0,34196997;-0,081854515
536;308;12921;0;16517,438;1,032258;1,032258;0,3315065;1,0655566
537;308;13305;0;16524,781;0,13617021;0;-0,12202047;-0,1405628
537;308;13709;0;16531,562;0;0;-0,020080399;0
538;308;14017;0;16532,656;0,9142857;0;0,83591837;0
538;308;14357;0;16539,812;0;0;-0,12776046;0
539;308;14649;0;16548;0,122137405;0;0,014917546;0
539;307;15041;0;16549,031;0;-0,969697;-0,11843627;-0,94031227
540;307;15509;0;16556,281;0,13793103;0;0,01902497;0,1337513
541;306;16009;0;16563,594;0,13675214;-0,13675214;-0,0001612158;-0,018701147
542;304;16477;0;16564,688;0,9142857;-1,8285714;0,71088785;-1,5468062
543;302;16925;0;16572,562;0,12698413;-0,25396827;-0,0999748;0,1999496
544;300;17397;0;16573,5;1,0666667;-2,1333334;1,0023282;-2,0046563
545;298;17733;0;16580,25;0,14814815;-0,2962963;-0,13607682;0,27215365
545;296;17993;0;16587,906;0;-0,26122448;-0,019349962;0,0045808093
546;293;18189;0;16589,094;0,84210527;-2,5263157;0,70914125;-1,9074452
547;290;18461;0;16595,719;0,1509434;-0,4528302;-0,10432632;0,31297892
548;286;18709;0;16603,125;0,13502109;-0,54008436;-0,0021498476;-0,011781153
549;282;19065;0;16604,125;1;-4;0,8649789;-3,4599156
550;278;19385;0;16610,656;0,15311004;-0,61244017;-0,12966737;0,5186695
550;273;19717;0;16611,594;0;-5,3333335;-0,16331738;-5,0356197
551;269;20045;0;16618,094;0,15384616;-0,61538464;0,02366864;0,7258383
551;264;20377;0;16624,656;0;-0,7619048;-0,023443224;-0,022326877
551;259;20669;0;16631,344;0;-0,74766356;0;0,002129528
551;255;20889;0;16632,219;0;-4,571429;0;-4,3700175
551;251;21085;0;16639,5;0;-0,5493562;0;0,55238765
551;247;21217;0;16647,062;0;-0,5289256;0;0,0027015703
551;243;21301;0;16648,188;0;-3,5555556;0;-2,6903377
551;240;21301;0;16655,062;0;-0,43636364;0;0,45370063
551;238;21297;0;16662,219;0;-0,279476;0;0,021923166
551;236;21237;0;16663,188;0;-2,064516;0;-1,842622
551;235;21177;0;16674,406;0;-0,08913649;0;0,17607841
551;234;21077;0;16675,562;0;-0,8648649;0;-0,6709002
551;233;20849;0;16682,5;0;-0,14414415;0;0,10388768
552;232;20541;0;16683,75;0,8;-0,8;0,64;-0,5246847
552;232;20117;0;16690,906;0;0;-0,111790396;0,111790396
552;232;19441;0;16692,031;0;0;0;0
552;232;18445;0;16698,969;0;0;0;0
552;232;17269;0;16706,281;0;0;0;0
552;232;16041;0;16707,688;0;0;0;0
552;234;14809;0;16714,406;0;0,29767442;0;0,04430503
551;236;12481;0;16722,625;-0,121673;0,243346;-0,0148043195;-0,006610301
550;238;6764;0;16723,5;-1,1428572;2,2857144;-1,1670676;2,3341353
550;238;0;0;16724,094;0;0;1,9248121;-3,8496242
548;244;0;0;16730,875;-0,29493088;0,8847926;-0,043492112;0,13047633
547;247;0;20;16732,062;-0,84210527;2,5263157;-0,46077845;1,3823353
545;251;0;44;16737,562;-0,36363637;0,72727275;0,08699434;-0,32709873
543;256;0;116;16741,562;-0,5;1,25;-0,034090906;0,13068181
541;261;0;164;16747,562;-0,33333334;0,8333333;0,027777776;-0,06944445
539;265;0;236;16751,531;-0,503937;1,007874;-0,04298675;0,04397876
538;270;0;284;16757,75;-0,16080402;0,8040201;0,05517716;-0,032780528
536;274;0;332;16761,562;-0,52459013;1,0491803;-0,0954193;0,06430431
536;278;0;353;16767,594;0;0,6632124;0,086978674;-0,06399467
536;282;0;377;16771,688;0;0,97709924;0;0,07667464
536;285;0;401;16777,688;0;0,5;0;-0,07951654
536;288;0;425;16781,594;0;0,768;0;0,068608
536;291;0;425;16787,719;0;0,48979592;0;-0,045421075
537;293;0;425;16791,625;0,256;0,512;0,065536;0,00568425
538;294;0;377;16797,781;0,16243654;0,16243654;-0,015198126;-0,056781884
539;295;0;308;16801,625;0,2601626;0,2601626;0,025424663;0,025424663
540;297;0;236;16807,688;0,16494845;0,3298969;-0,015705425;0,011502566
543;299;0;140;16811,625;0,7619048;0,50793654;0,15160795;0,045216415
545;301;0;44;16817,812;0,32323232;0,32323232;-0,07089656;-0,029851187
548;303;0;0;16821,656;0,7804878;0,5203252;0,11896077;0,051276192
548;303;0;0;16827,875;0;0;-0,12550557;-0,08367038
550;305;7884;0;16831,781;0,512;0,512;0,131072;0,131072
550;305;17169;0;16841,031;0;0;-0,055351354;-0,055351354
550;305;18333;0;16842,375;0;0;0;0
550;305;18333;0;16851,562;0;0;0;0
550;305;17941;0;16852,719;0;0;0;0
550;305;17569;0;16862,094;0;0;0;0
550;305;17209;0;16863,281;0;0;0;0
550;305;17045;0;16872,5;0;0;0;0
550;305;17045;0;16873,938;0;0;0;0
554;306;17157;0;16883;0,4413793;0,11034483;0,048703924;0,012175981
556;306;17321;0;16884,188;1,6842105;0;1,0465947;-0,09292196
558;306;17593;0;16893,281;0,21993127;0;-0,1610204;0
561;307;17877;0;16894,75;2,0425532;0,68085104;1,2409341;0,46355817
563;307;18161;0;16904,562;0,20382166;0;-0,18738665;-0,069386095
566;307;18445;0;16905,844;2,3414633;0;1,6684033;0
570;308;18629;0;16915,062;0,4338983;0,108474575;-0,20692231;0,011766734
573;309;18817;0;16916,344;2,3414633;0,7804878;1,4888312;0,5244981
577;310;18913;0;16925,562;0,4338983;0,108474575;-0,20692231;-0,07289635
580;311;18925;0;16926,938;2,1818182;0,72727275;1,2712145;0,45003507
584;312;18937;0;16927,844;4,413793;1,1034483;2,4628687;0,41509023
588;313;18941;0;16937,625;0,40894568;0,10223642;-0,4094413;-0,10236032
591;314;18945;0;16938,844;2,4615386;0,82051283;1,6841787;0,589355
594;314;18945;0;16947,625;0,34163702;0;-0,24141228;-0,093439184
597;315;18937;0;16948,906;2,3414633;0,7804878;1,56084;0,6091612
600;315;18829;0;16958,062;0,32764506;0;-0,2199392;-0,08524098
602;315;18741;0;16959,312;1,6;0;1,017884;0
604;315;18669;0;16969,312;0,2;0;-0,14;0
606;315;18657;0;16970,469;1,7297298;0;1,3230095;0
607;315;18605;0;16979,312;0,113074206;0;-0,18280205;0
608;315;18597;0;16980,906;0,627451;0;0,32274625;0
609;314;18585;0;16981,938;0,969697;-0,969697;0,3318749;-0,94031227
609;314;18585;0;16991,344;0;0;-0,10309071;0,10309071
610;314;18733;0;16992,656;0,7619048;0;0,5804989;0
610;313;19029;0;17002,25;0;-0,104234524;-0,07941678;-0,010864836
610;312;19385;0;17003,469;0;-0,82051283;0;-0,58771557
611;310;19825;0;17012,625;0,10921501;-0,21843003;0,011927919;0,065756485
611;308;20329;0;17014,25;0;-1,2307693;-0,06720924;-0,622978
611;306;20801;0;17023,906;0;-0,20711975;0;0,106009014
611;303;21205;0;17025,125;0;-2,4615386;0;-1,8497796
611;300;21509;0;17031,75;0;-0,4528302;0;0,3032013
611;298;21741;0;17032,625;0;-2,2857144;0;-2,094725
611;295;21874;0;17039,156;0;-0,45933014;0;0,27963778
610;291;21982;0;17045,688;-0,15311004;-0,61244017;-0,023442686;-0,023442684
610;288;22082;0;17052,438;0;-0,44444445;0,022682969;0,024888255
609;285;22190;0;17053,344;-1,1034483;-3,310345;-1,2175981;-3,162373
609;281;22322;0;17059,875;0;-0,61244017;0,16894902;0,41307634
609;278;22382;0;17066,75;0;-0,43636364;0;0,025611132
609;276;22430;0;17068,25;0;-1,3333334;0;-0,59797984
609;273;22430;0;17074,562;0;-0,47524753;0;0,1359344
609;271;22422;0;17081,25;0;-0,2990654;0;0,02634499
609;269;22350;0;17082,156;0;-2,2068965;0;-2,1051931
609;267;22290;0;17088,656;0;-0,30769232;0;0,29218528
610;266;22206;0;17095,125;0,15458937;-0,15458937;0,023897873;0,023668088
610;264;22158;0;17101,844;0;-0,29767442;-0,02300865;-0,02129638
611;263;22146;0;17102,938;0,9142857;-0,9142857;0,83591837;-0,5637589
611;262;22062;0;17111,469;0;-0,11721612;-0,107169025;0,0934294
611;262;21914;0;17112,344;0;0;0;0,13396128
611;261;21465;0;17119,031;0;-0,1495327;0;-0,02236003
611;261;20817;0;17125,812;0;0;0;0,022050906
611;260;20037;0;17132,344;0;-0,15311004;0;-0,023442686
611;259;19093;0;17133,469;0;-0,8888889;0;-0,6540257
609;259;17761;0;17139,906;-0,3106796;0;-0,048260912;0,13807982
607;258;15373;0;17146,375;-0,30917874;-0,15458937;0,00023201929;-0,023897873
605;257;10168;0;17147,406;-1,939394;-0,969697;-1,5808148;-0,7904074
602;257;1628;0;17153,844;-0,46601942;0;0,22887373;0,15063255
602;257;0;0;17154,75;0;0;0,51422834;0
596;257;0;24;17161,344;-0,9099526;0;-0,13800229;0
592;257;0;48;17165,344;-1;0;-0,022511855;0
587;258;0;72;17167,438;-2,3880596;0,47761193;-0,66295385;0,22811316
582;259;0;96;17171,5;-1,2307693;0,24615385;0,28487146;-0,056974296
577;260;0;148;17177,625;-0,81632656;0,1632653;0,06766412;-0,013532824
573;262;0;196;17181,5;-1,032258;0,516129;-0,055724252;0,09106161
569;264;0;248;17187,469;-0,6701571;0,33507854;0,06066613;-0,030333064
565;266;0;296;17191,594;-0,969697;0,4848485;-0,07261574;0,03630787
562;268;0;349;17197,469;-0,5106383;0,34042552;0,07813765;-0,024582634
559;270;0;373;17201,75;-0,7007299;0,46715328;-0,04440096;0,029600644
557;271;0;373;17207,688;-0,33684212;0,16842106;0,061286364;-0,050312795
556;273;0;373;17211,438;-0,26666668;0,53333336;0,01871345;0,09730995
555;274;0;349;17217,625;-0,16161616;0,16161616;0,016977862;-0,06007551
555;275;0;320;17222,625;0;0,2;0,032323234;0,007676768
554;276;0;272;17227,531;-0,20382166;0,20382166;-0,041543268;0,00077893626
554;278;0;220;17231,375;0;0,5203252;0,053026773;0,08234238
554;279;0;148;17237,719;0;0,15763547;0;-0,057172764
554;280;0;72;17241,656;0;0,25396827;0;0,024465473
555;280;0;0;17247,781;0,1632653;0;0,02665556;-0,041464206
556;281;0;0;17251,656;0,2580645;0,2580645;0,024464311;0,06659729
557;282;0;0;17257,781;0,1632653;0,1632653;-0,015477422;-0,015477422
558;282;0;0;17261,594;0,26229507;0;0,02597502;-0,042823687
558;283;16409;0;17268,031;0;0,1553398;-0,040744863;0,024130456
558;283;18693;0;17277,406;0;0;0;-0,016569579
558;283;18693;0;17278,656;0;0;0;0
558;283;17977;0;17287,875;0;0;0;0
558;283;16833;0;17289,188;0;0;0;0
558;283;16377;0;17298;0;0;0;0
562;283;16377;0;17299,25;3,2;0;2,56;0
564;284;16501;0;17308,094;0,22614841;0,113074206;-0,33626592;0,012785776
567;285;16749;0;17309,375;2,3414633;0,7804878;1,6509775;0,5209082
570;285;17037;0;17319,125;0,30769232;0;-0,20859191;-0,08005003
573;286;17397;0;17320,844;1,7454545;0,58181816;0,8365162;0,3385124
576;287;17657;0;17322,062;2,4615386;0,82051283;0,5875561;0,19585204
579;287;17809;0;17331,406;0,32107022;0;-0,22908023;-0,087814085
582;288;17869;0;17332,75;2,2325583;0,74418604;1,4225028;0,55381286
585;289;17877;0;17342,25;0,31578946;0,10526316;-0,20176513;-0,06725504
588;290;17877;0;17343,875;1,8461539;0,61538464;0,9417627;0,31392092
591;291;17877;0;17354,156;0,29179332;0,09726444;-0,15118401;-0,050394665
594;292;17817;0;17355,656;2;0,6666667;1,1388044;0,37960148
596;292;17741;0;17356,812;1,7297298;0;-0,23374723;-0,5765766
598;293;17169;0;17366,094;0,21548821;0,107744105;-0,16315061;0,0116087925
599;293;16297;0;17367,781;0,5925926;0;0,22346927;-0,06384836
600;293;14909;0;17377,5;0,10289389;0;-0,050387006;0
600;293;12981;0;17378,719;0;0;-0,084425755;0
600;293;10100;0;17388,656;0;0;0;0
600;293;5648;0;17390,312;0;0;0;0
600;293;508;0;17391,875;0;0;0;0
600;293;0;0;17393,219;0;0;0;0
596;291;0;0;17404,781;-0,34594595;-0,17297298;-0,02991965;-0,014959825
593;290;0;0;17406,375;-1,882353;-0,627451;-0,9640201;-0,2851627
589;288;0;0;17407,688;-3,047619;-1,5238096;-0,88782185;-0,6829398
585;286;0;24;17412,031;-0,92086333;-0,46043167;0,48961282;0,24480641
580;284;0;48;17415,938;-1,28;-0,512;-0,09193898;-0,0132015
576;281;0;100;17422,094;-0,6497462;-0,48730963;0,10237625;0,0040106215
572;279;0;124;17427,031;-0,8101266;-0,4050633;-0,03248211;0,016657485
568;277;0;176;17431,719;-0,85333335;-0,42666668;-0,00921744;-0,00460872
564;274;0;204;17436,031;-0,92753625;-0,6956522;-0,017206468;-0,062373452
561;273;0;204;17442,062;-0,4974093;-0,1658031;0,071316384;0,08785062
559;271;0;204;17445,844;-0,5289256;-0,5289256;-0,008334885;-0,096032396
558;270;0;152;17452,062;-0,16080402;-0,16080402;0,05919543;0,05919543
557;270;0;76;17455,875;-0,26229507;0;-0,026620602;0,0421781
557;269;0;0;17461,938;0;-0,16494845;0,043265164;-0,027207991
557;268;0;0;17465,844;0;-0,256;0;-0,023309201
557;268;0;0;17472,031;0;0;0;0,04137374
557;268;0;0;17475,781;0;0;0;0
557;268;0;0;17482,094;0;0;0;0
558;268;18433;0;17485,844;0,26666668;0;0,07111111;0
558;268;20469;0;17495,469;0;0;-0,027705628;0
558;268;20469;0;17496,781;0;0;0;0
561;270;19773;0;17506,625;0,30476192;0,2031746;0,030959941;0,02063996
564;271;19465;0;17508,031;2,1333334;0,7111111;1,3003175;0,36119932
568;272;19417;0;17517,781;0,41025642;0,102564104;-0,17672585;-0,062415082
571;274;19417;0;17519,344;1,92;1,28;0,9662359;0,75355893
575;276;19477;0;17522,156;1,4222223;0,7111111;-0,17698763;-0,2022716
578;278;19481;0;17531,531;0,32;0,21333334;-0,11757037;-0,053096298
582;279;19481;0;17532,906;2,909091;0,72727275;1,8829753;0,37377408
585;280;19477;0;17543,031;0,2962963;0,09876543;-0,25805378;-0,062074795
589;281;19417;0;17544,406;2,909091;0,72727275;1,9002143;0,45709622
592;281;19333;0;17545,719;2,2857144;0;-0,4749536;-0,55411255
594;282;19233;0;17556,625;0,1833811;0,09169055;-0,19276409;0,008407156
597;282;19109;0;17558,281;1,8113208;0;0,982907;-0,055360332
598;281;18989;0;17568,156;0,101265825;-0,101265825;-0,17317012;-0,010254767
600;281;18593;0;17570,031;1,0666667;0;0,5148805;0,05400844
601;279;17593;0;17579,656;0,103896104;-0,20779221;-0,10002812;-0,0215888
601;278;16117;0;17581,062;0;-0,7111111;-0,07388167;-0,35791567
600;276;14137;0;17582,188;-0,8888889;-1,7777778;-0,79012346;-0,9481481
599;273;11209;0;17591,906;-0,10289389;-0,30868167;0,080874085;0,15116102
598;272;5616;0;17593,906;-0,5;-0,5;-0,19855306;-0,09565917
598;272;0;0;17595,375;0;0;0,34042552;0,34042552
594;268;0;0;17597,125;-2,2857144;-2,2857144;-1,3061225;-1,3061225
591;266;0;24;17606,875;-0,30769232;-0,20512821;0,20287406;0,21339345
587;264;0;48;17608,594;-2,3272727;-1,1636363;-1,1750286;-0,55767745
582;261;0;96;17611,719;-1,6;-0,96;0,23272724;0,065163635
576;258;0;144;17615,969;-1,4117647;-0,7058824;0,044290654;0,059792377
571;256;0;216;17621,969;-0,8333333;-0,33333334;0,09640524;0,062091503
566;253;0;312;17625,75;-1,322314;-0,7933884;-0,12931721;-0,12166746
560;251;0;389;17631,938;-0,969697;-0,32323232;0,05698861;0,07598483
555;248;0;461;17636;-1,2307693;-0,73846155;-0,06426395;-0,102210276
549;246;0;533;17642,031;-0,9948186;-0,3316062;0,039121352;0,067457885
544;245;0;581;17645,781;-1,3333334;-0,26666668;-0,0902706;0,017317208
540;243;0;653;17652,031;-0,64;-0,32;0,11093334;-0,00853333
535;242;0;682;17655,625;-1,3913044;-0,27826086;-0,20905861;0,011614368
532;242;0;682;17661,938;-0,47524753;0;0,14511792;0,044080928
529;243;0;682;17665,562;-0,82758623;0,27586207;-0,097196884;0,07609988
527;243;0;653;17671,781;-0,32160804;0;0,081363335;-0,04435973
526;243;0;605;17675,656;-0,2580645;0;0,01639833;0
526;242;0;581;17681,906;0;-0,16;0,04129032;-0,0256
525;242;0;509;17685,531;-0,27586207;0;-0,07609988;0,04413793
524;242;0;437;17692;-0,15458937;0;0,01874747;0
524;242;0;341;17695,531;0;0;0,04377752;0
524;242;0;240;17701,969;0;0;0;0
524;242;0;144;17705,562;0;0;0;0
525;242;0;24;17711,938;0,15686275;0;0,024605922;0
526;243;0;0;17715,531;0,27826086;0,27826086;0,033780344;0,07742911
527;243;0;0;17722,031;0,15384616;0;-0,019140722;-0,042809363
528;243;0;0;17725,531;0,2857143;0;0,03767661;0
528;243;16557;0;17733,156;0;0;-0,03747073;0
528;243;19181;0;17742,688;0;0;0;0
528;243;19181;0;17743,906;0;0;0;0
528;243;18665;0;17754,531;0;0;0;0
528;243;17785;0;17756,094;0;0;0;0
528;243;17129;0;17757,219;0;0;0;0
528;243;16917;0;17769,438;0;0;0;0
529;239;17117;0;17781,188;0,08510638;-0,34042552;0,0072430964;-0,028972385
529;236;17725;0;17782,75;0;-1,92;-0,054468084;-1,0109277
528;234;18341;0;17787,219;-0,22377622;-0,44755244;-0,0500758;0,32949874
528;231;18973;0;17788,438;0;-2,4615386;0,18361126;-1,6525015
527;228;19425;0;17797,156;-0,11469534;-0,34408602;-0,013155021;0,24286196
526;225;19769;0;17798,812;-0,6037736;-1,8113208;-0,29529253;-0,88587755
526;222;20037;0;17808,469;0;-0,3106796;0,06252672;0,15540619
525;218;20233;0;17810,156;-0,5925926;-2,3703704;-0,35116598;-1,2205575
524;215;20369;0;17811,625;-0,68085104;-2,0425532;-0,060090855;0,22319469
523;212;20453;0;17821,094;-0,105610564;-0,31683168;0,06075147;0,18225442
522;209;20461;0;17823,375;-0,43835616;-1,3150685;-0,14586109;-0,43758324
522;207;20461;0;17833,219;0;-0,2031746;0,04453142;0,1129543
521;204;20417;0;17835,5;-0,43835616;-1,3150685;-0,19215612;-0,48740554
520;202;20357;0;17836,719;-0,82051283;-1,6410257;-0,31356445;-0,26745203
520;201;20293;0;17846,031;0;-0,10738255;0,08810876;0,16468652
520;200;19989;0;17847,312;0;-0,7804878;0;-0,52535045
519;199;19265;0;17857,562;-0,09756097;-0,09756097;-0,009518144;0,066627
519;199;18257;0;17859,094;0;0;0,06371329;0,06371329
519;199;16829;0;17870,375;0;0;0;0
519;199;14881;0;17872,031;0;0;0;0
519;201;11989;0;17873,312;0;1,5609756;0;1,2183224
519;202;6616;0;17888,781;0;0,06464647;0;-0,096732385
519;202;0;0;17890,375;0;0;0;-0,04056249
519;207;0;0;17891,156;0;6,4;0;8,192
519;210;0;20;17892;0;3,5555556;0;-3,3711934
519;213;0;60;17892,688;0;4,3636365;0;1,1753904
520;216;0;80;17901,25;0,11678832;0,35036495;0,013639512;-0,4687032
520;219;0;124;17902,562;0;2,2857144;-0,088981576;1,4745519
520;222;0;164;17905,344;0;1,0786517;0;-0,43400007
520;224;0;184;17911,781;0;0,3106796;0;-0,11929663
521;226;0;228;17915,594;0,26229507;0,52459013;0,068798706;0,056107678
521;227;0;248;17921,594;0;0,16666667;-0,043715846;-0,059653908
522;228;0;248;17925,531;0,25396827;0,25396827;0,06449988;0,022171834
523;229;0;268;17931,5;0,16753927;0,16753927;-0,014480251;-0,014480251
524;231;0;248;17936,594;0,19631901;0,39263803;0,0056500114;0,044191167
525;232;0;248;17941,5;0,20382166;0,20382166;0,0015292016;-0,038484864
527;234;0;228;17945,594;0,48854962;0,48854962;0,06955187;0,06955187
530;236;0;184;17951,844;0,48;0,32;-0,0013679409;-0,02696794
533;238;0;144;17955,75;0,768;0,512;0,073728;0,04915201
535;240;0;104;17961,656;0,33862433;0,33862433;-0,072698526;-0,029354615
537;242;0;0;17965,844;0,47761193;0,47761193;0,03319107;0,03319107
539;244;10516;0;17972,188;0,31527093;0,31527093;-0,0255907;-0,0255907
539;244;15621;0;17981,844;0;0;-0,032649416;-0,032649416
539;244;16525;0;17983,312;0;0;0;0
543;247;16525;0;17992,5;0,43537414;0,3265306;0,047387663;0,035540745
545;247;16353;0;17993,75;1,6;0;0,9317007;-0,26122448
547;248;16253;0;18003,5;0,20512821;0,102564104;-0,14306378;0,010519396
549;249;16253;0;18004,812;1,5238096;0,7619048;1,0047096;0,5023548
551;250;16513;0;18005,594;2,56;1,28;1,3263237;0,6631619
554;250;16813;0;18014,906;0,32214764;0;-0,24030629;-0,13744967
557;251;17149;0;18016,344;2,0869565;0,6956522;1,2276932;0,48393196
560;252;17561;0;18026,25;0,30283913;0,100946374;-0,18010017;-0,060033396
564;253;17981;0;18027,469;3,2820513;0,82051283;2,4444818;0,5904135
568;254;18365;0;18037,344;0,4050633;0,101265825;-0,29134056;-0,07283514
572;255;18697;0;18038,906;2,56;0,64;1,3791595;0,34478986
577;256;18981;0;18039,938;4,848485;0,969697;2,219137;0,3197062
582;257;19213;0;18049,25;0,53691274;0,10738255;-0,4629876;-0,09259753
587;258;19445;0;18051,031;2,8070176;0,5614035;1,2744448;0,25488898
592;260;19569;0;18060,562;0,52459013;0,20983607;-0,23946778;-0,036885764
597;261;19677;0;18062,25;2,9629629;0,5925926;1,4449615;0,22681868
602;262;19741;0;18071,625;0,53333336;0,10666667;-0,2591605;-0,0518321
607;264;19749;0;18072,844;4,1025643;1,6410257;2,9285998;1,2589612
612;265;19753;0;18082,344;0,5263158;0,10526316;-0,37644723;-0,16165921
616;266;19757;0;18084,188;2,1694915;0,5423729;0,89121395;0,23707645
621;268;19765;0;18093,812;0,5194805;0,20779221;-0,17142972;-0,034761626
625;269;19769;0;18095,344;2,6122448;0,6530612;1,3667033;0,2907879
628;269;19777;0;18096,75;2,1333334;0;-0,3405592;-0,46439907
631;270;19777;0;18106,688;0,3018868;0,10062893;-0,18429652;0,010126181
634;270;19777;0;18108;2,2857144;0;1,5114877;-0,076669656
636;270;19717;0;18117,781;0,20447284;0;-0,21277869;0
638;270;19717;0;18119,188;1,4222223;0;0,8659551;0
639;270;19709;0;18120,125;1,0666667;0;-0,37925923;0
639;270;19645;0;18129,188;0;0;-0,11770116;0
639;270;19645;0;18130,406;0;0;0;0
640;270;19861;0;18140,156;0,102564104;0;0,010519396;0
640;269;20057;0;18141,531;0;-0,72727275;-0,074592076;-0,52892566
640;268;20353;0;18150,969;0;-0,105960265;0;0,06583444
639;266;20693;0;18152,312;-0,74418604;-1,4883721;-0,55381286;-1,0287716
638;264;21033;0;18161,5;-0,108843535;-0,21768707;0,06915292;0,13830584
637;262;21193;0;18162,844;-0,74418604;-1,4883721;-0,472813;-0,945626
635;260;21193;0;18172,594;-0,20512821;-0,20512821;0,055287983;0,13161476
633;258;21109;0;18174,344;-1,1428572;-1,1428572;-0,53584516;-0,53584516
631;255;20741;0;18175,594;-1,6;-2,4;-0,36571425;-1,0057143
628;252;20229;0;18186,531;-0,2742857;-0,2742857;0,12120817;0,19435102
624;249;19581;0;18187,688;-3,4594595;-2,5945945;-2,7547448;-2,0067534
621;247;18809;0;18197,188;-0,31578946;-0,21052632;0,33091265;0,25095454
617;244;18017;0;18198,344;-3,4594595;-2,5945945;-2,71885;-2,0618968
613;241;16913;0;18207,719;-0,42666668;-0,32;0,3234979;0,24262342
609;239;15141;0;18209,125;-2,8444445;-1,4222223;-1,7193086;-0,78380245
605;237;12281;0;18209,875;-5,3333335;-2,6666667;-3,3185186;-1,6592593
602;235;6924;0;18219,75;-0,30379745;-0,20253165;0,50932014;0,24953267
599;235;1;0;18220,781;-2,909091;0;-2,5263453;0,19639432
599;235;0;0;18221,906;0;0;2,5858586;0
593;234;0;0;18231,188;-0,64646465;-0,107744105;-0,06965276;-0,0116087925
589;234;0;24;18232,312;-3,5555556;0;-2,5858586;0,095772535
586;235;0;48;18235,688;-0,8888889;0,2962963;0,79012346;0,087791495
582;235;0;76;18239,688;-1;0;-0,027777776;-0,074074075
578;236;0;124;18245,656;-0,6701571;0,16753927;0,05526164;0,028069407
575;236;0;176;18249,781;-0,72727275;0;-0,013846224;-0,04061558
572;236;0;252;18255,938;-0,48730963;0;0,03897878;0
570;236;0;280;18259,781;-0,5203252;0;-0,008589411;0
568;236;0;328;18265,719;-0,33684212;0;0,03090241;0
566;236;0;357;18269,844;-0,4848485;0;-0,035880335;0
565;236;0;357;18275,781;-0,16842106;0;0,053293042;0
564;236;0;381;18279,719;-0,25396827;0;-0,021726275;0
563;236;0;357;18285,562;-0,171123;0;0,014176731;0
562;236;0;357;18289,812;-0,23529412;0;-0,015099087;0
561;236;0;328;18295,781;-0,16753927;0;0,0113515975;0
561;236;0;304;18299,906;0;0;0,04061558;0
561;237;0;252;18305,781;0;0,17021276;0;0,028972385
561;237;0;204;18309,719;0;0;0;-0,043228637
561;238;0;124;18315,906;0;0,16161616;0;0,026119784
562;239;0;24;18319,938;0,24806201;0,24806201;0,061534762;0,021443933
563;239;0;0;18325,75;0,17204301;0;-0,013078539;-0,042677335
564;240;0;0;18329,688;0,25396827;0,25396827;0,020806415;0,06449988
566;241;0;0;18335,875;0,32323232;0,16161616;0,011194191;-0,0149255935
566;242;0;0;18339,594;0;0,26890758;-0,08691961;0,028851474
567;243;16013;0;18345,812;0,16080402;0,16080402;0,025857933;-0,017383486
567;243;18169;0;18355,219;0;0;-0,017095445;-0,017095445
567;243;18393;0;18356,438;0;0;0;0
567;243;18393;0;18365,344;0;0;0;0
567;243;17897;0;18366,656;0;0;0;0
567;243;17477;0;18375,75;0;0;0;0
567;243;17477;0;18377,344;0;0;0;0
567;243;17525;0;18386,625;0;0;0;0
567;243;17797;0;18387,812;0;0;0;0
562;239;18009;0;18396,875;-0,55172414;-0,4413793;-0,060879905;-0,048703924
560;237;18281;0;18398,156;-1,5609756;-1,5609756;-0,7877084;-0,8738312
557;234;18653;0;18407,062;-0,33684212;-0,33684212;0,13744657;0,13744657
555;231;18985;0;18408,5;-1,3913044;-2,0869565;-0,7335389;-1,2174709
553;228;19265;0;18409,531;-1,939394;-2,909091;-0,53148085;-0,7972213
550;225;19413;0;18420,469;-0,2742857;-0,2742857;0,15223847;0,24089648
548;221;19585;0;18421,938;-1,3617021;-2,7234042;-0,7403686;-1,6674849
546;218;19769;0;18431,594;-0,20711975;-0,3106796;0,1195684;0,24986143
543;214;19905;0;18433,781;-1,3714286;-1,8285714;-0,5322555;-0,69389343
541;211;19949;0;18443,156;-0,21333334;-0,32;0,12353016;0,16091429
539;208;19949;0;18444,625;-1,3617021;-2,0425532;-0,78186804;-1,1728022
537;204;19861;0;18454,188;-0,20915033;-0,41830066;0,12052829;0,16985647
536;201;19801;0;18455,344;-0,8648649;-2,5945945;-0,5671045;-1,8822001
534;199;19717;0;18456,25;-2,2068965;-2,2068965;-1,4808626;0,42780462
533;197;19617;0;18465,312;-0,11034483;-0,22068965;0,23134363;0,21916765
533;195;19225;0;18466,875;0;-1,28;0,070620686;-0,6779586
532;195;18425;0;18476,938;-0,099378884;0;-0,009876163;0,12720497
532;194;17313;0;18478;0;-0,9411765;0,09353307;-0,8858132
532;194;15685;0;18487,344;0;0;0;0,100727916
533;194;13317;0;18488,75;0,7111111;0;0,505679;0
534;195;9248;0;18489,531;1,28;1,28;0,7281777;1,6384
535;196;6236;0;18498,594;0,11034483;0,11034483;-0,1290654;-0,1290654
537;199;760;0;18499,906;1,5238096;2,2857144;1,0769255;1,6574243
537;199;0;0;18501,062;0;0;-1,3178893;-1,976834
541;205;0;0;18510;0,44755244;0,67132866;0,0500758;0,0751137
544;209;0;20;18510,969;3,096774;4,129032;2,7346804;3,5692425
547;213;0;20;18516,188;0,5748503;0,7664671;-0,48324287;-0,6443238
550;217;0;20;18519,75;0,84210527;1,122807;0,075018935;0,100025244
554;220;0;20;18525,906;0,6497462;0,48730963;-0,031246146;-0,103228
557;224;0;44;18529,625;0,8067227;1,0756303;0,042212173;0,15820388
561;227;0;44;18535,688;0,6597938;0,49484536;-0,024235696;-0,09579957
564;229;0;44;18540;0,6956522;0,46376812;0,0083149895;-0,0072063156
568;232;0;20;18545,75;0,6956522;0,5217391;0;0,010081913
571;234;0;20;18549,812;0,73846155;0,4923077;0,0105376905;-0,0072446605
575;236;0;0;18555,969;0,6497462;0,3248731;-0,01441062;-0,027197499
578;237;0;0;18559,781;0,78688526;0,26229507;0,035970908;-0,016413908
581;238;0;0;18565,875;0,4923077;0,16410257;-0,048340935;-0,01611364
583;239;0;0;18569,719;0,5203252;0,2601626;0,007289103;0,024991225
584;239;0;0;18575,906;0,16161616;0;-0,057973176;-0,04204648
584;240;8200;0;18580,031;0;0,24242425;-0,039179675;0,058769517
584;240;13401;0;18589,844;0;0;0;-0,024705656
584;240;13949;0;18591,125;0;0;0;0
584;240;14077;0;18600,469;0;0;0;0
584;240;14545;0;18601,688;0;0;0;0
584;240;15389;0;18610,812;0;0;0;0
583;235;16333;0;18612,219;-0,7111111;-3,5555556;-0,505679;-2,5283952
582;233;17033;0;18621,5;-0,107744105;-0,21548821;0,065009244;0,35987258
581;230;17517;0;18622,75;-0,8;-2,4;-0,55380476;-1,7476095
580;228;17953;0;18633,344;-0,09439528;-0,18879056;0,066605754;0,20872775
580;226;18433;0;18635,125;0;-1,122807;0,05299384;-0,5243601
579;224;18961;0;18636,406;-0,7804878;-1,5609756;-0,6091612;-0,3419852
579;222;19517;0;18645,469;0;-0,22068965;0,08612279;0,14789362
579;220;19933;0;18646,719;0;-1,6;0;-1,1034483
579;218;20177;0;18655,906;0;-0,21768707;0;0,15045583
579;216;20325;0;18657,688;0;-1,122807;0;-0,5081375
580;215;20333;0;18666,688;0,11111111;-0,11111111;0,012345679;0,11241065
582;214;20333;0;18668,125;1,3913044;-0,6956522;0,8905692;-0,40663728
583;213;20197;0;18677,062;0,11188811;-0,11188811;-0,14315148;0,06531626
585;212;20125;0;18678,438;1,4545455;-0,72727275;0,97647804;-0,44755247
587;211;20117;0;18688,094;0,20711975;-0,103559874;-0,12918325;0,064591624
589;211;20065;0;18689,625;1,3061224;0;0,71771604;0,06763094
592;211;20057;0;18690,688;2,8235295;0;1,4281478;0
595;211;20053;0;18700,969;0,29179332;0;-0,24624789;0
597;212;20009;0;18702,531;1,28;0,64;0,63245225;0,4096
600;214;19705;0;18711,781;0,3243243;0,21621622;-0,103316285;-0,045814462
603;216;19261;0;18713,094;2,2857144;1,5238096;1,4943924;0,9962616
606;218;18709;0;18722,312;0,32542372;0,21694915;-0,2126417;-0,14176114
609;221;18265;0;18723,594;2,3414633;2,3414633;1,5734943;1,6581573
611;223;17573;0;18732,781;0,21768707;0,21768707;-0,23115931;-0,23115931
614;226;16501;0;18734,406;1,8461539;1,8461539;1,0021335;1,0021335
616;228;14977;0;18735,625;1,6410257;1,6410257;-0,16831031;-0,16831031
618;231;12985;0;18744,844;0,21694915;0,32542372;-0,1544761;-0,14270936
619;233;10028;0;18746,25;0,7111111;1,4222223;0,35140407;0,7799456
619;235;5000;0;18756,25;0;0,2;-0,07111111;-0,12222222
619;235;0;0;18757,906;0;0;0;-0,12075472
620;237;0;0;18759,062;0,8648649;1,7297298;0,74799126;1,4959825
619;238;0;44;18760,219;-0,8648649;0,8648649;-1,4959825;-0,74799126
619;239;0;68;18770,188;0;0,10031348;0,08675761;-0,07669481
618;240;0;136;18771,344;-0,8648649;0,8648649;-0,74799126;0,66123366
616;242;0;208;18773,531;-0,9142857;0,9142857;-0,02259238;0,02259238
614;244;0;252;18779,719;-0,32323232;0,32323232;0,095523775;-0,095523775
611;246;0;324;18783,969;-0,7058824;0,47058824;-0,090035304;0,03467198
607;248;0;393;18789,969;-0,6666667;0,33333334;0,0065359473;-0,022875816
605;250;0;441;18793,875;-0,512;0,512;0,039594665;0,04573867
603;251;0;461;18800,25;-0,3137255;0,15686275;0,031101886;-0,05570781
602;251;0;485;18803,906;-0,2735043;0;0,011000674;-0,042902634
601;251;0;485;18809,938;-0,1658031;0;0,01785719;0
601;252;0;485;18813,719;0;0,2644628;0,043848757;0,069940574
600;253;0;461;18820,031;-0,15841584;0,15841584;-0,025095578;-0,016799519
600;253;0;417;18823,656;0;0;0,043700922;-0,043700922
600;253;0;369;18829,781;0;0;0;0
600;253;0;300;18833,969;0;0;0;0
600;253;0;208;18839,938;0;0;0;0
600;253;0;112;18843,844;0;0;0;0
601;252;0;44;18850,125;0,15920398;-0,15920398;0,025345907;-0,025345907
602;251;0;0;18854,969;0,20645161;-0,20645161;0,00975435;-0,00975435
602;251;0;0;18859,969;0;0;-0,04129032;0,04129032
602;251;18769;0;18863,875;0;0;0;0
602;251;20973;0;18873,562;0;0;0;0
602;251;20973;0;18876,062;0;0;0;0
602;251;20901;0;18885,938;0;0;0;0
602;251;20449;0;18887,156;0;0;0;0
602;251;20133;0;18896,688;0;0;0;0
602;251;19861;0;18898,031;0;0;0;0
602;251;19677;0;18911,531;0;0;0;0
602;251;19653;0;18912,938;0;0;0;0
602;251;19653;0;18914,312;0;0;0;0
602;246;19753;0;18915,594;0;-3,902439;0;-3,0458062
602;245;19849;0;18925,469;0;-0,101265825;0;0,38492894
602;243;19913;0;18926,969;0;-1,3333334;0;-0,8213784
603;242;19913;0;18937,25;0,09726444;-0,09726444;0,009460371;0,120225556
603;241;19909;0;18938,688;0;-0,6956522;-0,06766222;-0,41626972
603;239;19809;0;18940;0;-1,5238096;0;-0,63097703
603;238;19281;0;18950,125;0;-0,09876543;0;0,14074509
603;237;17901;0;18951,781;0;-0,6037736;0;-0,3049106
603;237;15817;0;18961;0;0;0;0,06549408
603;236;11977;0;18962,156;0;-0,8648649;0;-0,74799126
603;236;6756;0;18963,719;0;0;0;0,5535135
603;236;320;0;18965;0;0;0;0
603;236;0;0;18974,562;0;0;0;0
603;237;0;0;18976,062;0;0,6666667;0;0,44444445
603;237;0;0;18980;0;0;0;-0,16931218
603;237;0;24;18984,625;0;0;0;0
604;238;0;0;18989,969;0,1871345;0,1871345;0,035019323;0,035019323
604;239;0;0;18993,75;0;0,2644628;-0,049490117;0,020450458
605;239;0;0;19000,062;0,15841584;0;0,025095578;-0,041895095
606;240;0;0;19003,781;0,26890758;0,26890758;0,029712064;0,07231128
608;241;0;0;19010,125;0,31527093;0,15763547;0,0073085087;-0,01754043
608;242;0;0;19013,969;0;0,2601626;-0,082021706;0,026673725
609;242;10420;0;19020,125;0,16243654;0;0,026385631;-0,042259913
609;242;13169;0;19029,125;0;0;-0,018048504;0
609;242;13717;0;19030,812;0;0;0;0
609;242;13777;0;19039,875;0;0;0;0
609;242;13777;0;19041,062;0;0;0;0
609;242;14085;0;19051;0;0;0;0
609;242;14197;0;19052,469;0;0;0;0
609;242;14197;0;19054,281;0;0;0;0
609;242;14197;0;19063;0;0;0;0
609;242;14313;0;19064,219;0;0;0;0
609;242;14409;0;19072,938;0;0;0;0
610;239;14409;0;19074,125;0,84210527;-2,5263157;0,70914125;-2,1274238
610;238;14193;0;19083,281;0;-0,10921501;-0,09197054;0,2639837
610;236;13725;0;19084,969;0;-1,1851852;0;-0,6376119
609;234;12945;0;19094,281;-0,10738255;-0,2147651;-0,011531012;0,10420619
608;231;11705;0;19095,656;-0,72727275;-2,1818182;-0,45082924;-1,4305841
607;229;9692;0;19105,281;-0,103896104;-0,20779221;0,06476641;0,20509362
605;227;6472;0;19106,625;-1,4883721;-1,4883721;-1,0303077;-0,9529897
604;225;696;0;19107,938;-0,7619048;-1,5238096;0,5534989;-0,026999973
604;225;0;0;19117,094;0;0;0,083211444;0,16642289
600;221;0;24;19118,625;-2,6122448;-2,6122448;-1,7059559;-1,7059559
596;218;0;48;19119,781;-3,4594595;-2,5945945;-0,7327262;0,015265182
593;215;0;96;19124,125;-0,6906475;-0,6906475;0,6374244;0,43831873
588;211;0;120;19130,125;-0,8333333;-0,6666667;-0,023780972;0,0039967992
584;208;0;144;19134,156;-0,99224806;-0,74418604;-0,039420713;-0,019229608
580;205;0;192;19139,906;-0,6956522;-0,5217391;0,05158189;0,03868642
576;202;0;240;19143,875;-1,007874;-0,7559055;-0,07867007;-0,059002552
572;199;0;312;19150,25;-0,627451;-0,47058824;0,059674196;0,04475565
568;196;0;341;19154,125;-1,032258;-0,7741935;-0,104466334;-0,078349754
565;194;0;389;19161,188;-0,42477876;-0,28318584;0,08601476;0,069523215
562;192;0;413;19163,719;-1,1851852;-0,79012346;-0,30040747;-0,20027165
560;190;0;413;19170,125;-0,31219512;-0,31219512;0,13627163;0,074603446
558;189;0;413;19173,719;-0,5565217;-0,27826086;-0,06798653;0,009442578
557;189;0;389;19179,906;-0,16161616;0;0,06382312;0,04497145
557;189;0;365;19183,812;0;0;0,041373737;0
556;188;0;312;19190,062;-0,16;-0,16;-0,0256;-0,0256
556;188;0;240;19193,75;0;0;0,04338983;0,04338983
556;188;0;144;19199,781;0;0;0;0
556;187;0;48;19203,781;0;-0,25;0;-0,0625
557;187;0;0;19210,062;0,15920398;0;0,025345907;0,039800994
558;187;0;0;19213,906;0,2601626;0;0,026265657;0
558;188;0;0;19220,156;0;0,16;-0,041626014;0,0256
558;188;5472;0;19223,875;0;0;0;-0,04302521
558;188;18941;0;19233,562;0;0;0;0
558;188;19101;0;19243,812;0;0;0;0
558;188;18117;0;19245,125;0;0;0;0
558;188;17933;0;19255,094;0;0;0;0
558;188;17933;0;19256,656;0;0;0;0
554;185;18349;0;19265,781;-0,43835616;-0,32876712;-0,04803903;-0,03602927
552;183;18621;0;19267,188;-1,4222223;-1,4222223;-0,6996381;-0,77756804
550;181;18981;0;19277,125;-0,20125785;-0,20125785;0,12286434;0,12286434
549;179;19397;0;19279,094;-0,50793654;-1,0158731;-0,1557733;-0,41377282
547;176;19913;0;19280,438;-1,4883721;-2,2325583;-0,7296265;-0,90544015
545;173;20329;0;19290,156;-0,20578778;-0,30868167;0,1319701;0,19795515
543;171;20669;0;19291,281;-1,7777778;-1,7777778;-1,3973244;-1,3058633
541;168;20949;0;19301,125;-0,2031746;-0,30476192;0,15995969;0,14963971
540;164;21157;0;19302,5;-0,72727275;-2,909091;-0,3811623;-1,8940575
538;161;21349;0;19312;-0,21052632;-0,31578946;0,054394357;0,2729791
536;157;21473;0;19313,344;-1,4883721;-2,9767442;-0,950955;-1,9802454
534;154;21533;0;19314,344;-2;-3;-0,5116279;-0,023255825
532;150;21545;0;19323,781;-0,21192053;-0,42384106;0,18946537;0,2729705
530;147;21605;0;19325,312;-1,3061224;-1,9591837;-0,71458083;-1,0026728
528;144;21605;0;19335,906;-0,18879056;-0,28318584;0,10547085;0,15820628
527;141;21605;0;19337,156;-0,8;-2,4;-0,48896757;-1,6934513
526;139;21597;0;19346,531;-0,10666667;-0,21333334;0,07395556;0,23324445
525;137;21525;0;19348,031;-0,6666667;-1,3333334;-0,37333333;-0,74666667
525;137;21405;0;19357,562;0;0;0,06994536;0,13989072
524;136;20989;0;19359,125;-0,64;-0,64;-0,4096;-0,4096
524;136;20257;0;19360,219;0;0;0,58514285;0,58514285
524;136;19301;0;19369,875;0;0;0;0
525;137;17537;0;19371,188;0,7619048;0,7619048;0,5804989;0,5804989
527;140;15261;0;19380,469;0,21548821;0,32323232;-0,058873165;-0,04726437
529;143;13357;0;19382,406;1,032258;1,548387;0,42155862;0,6323379
532;148;10756;0;19383,719;2,2857144;3,8095238;0,95501435;1,7227709
534;152;6612;0;19392,844;0,21917808;0,43835616;-0,22646974;-0,36944303
537;156;3368;0;19394,281;2,0869565;2,7826087;1,2993242;1,6307844
541;160;1048;0;19403,656;0,42666668;0,42666668;-0,17709757;-0,25130048
544;164;1036;0;19405,094;2,0869565;2,7826087;1,1549842;1,6389161
547;167;1036;0;19414,469;0,32;0,32;-0,18847537;-0,26267827
551;171;2028;0;19415,938;2,7234042;2,7234042;1,6363603;1,6363603
554;174;3032;0;19425,062;0,32876712;0,32876712;-0,262426;-0,262426
558;177;4048;0;19426,562;2,6666667;2;1,5585998;1,1141553
561;179;5000;0;19435,938;0,32;0,21333334;-0,25031114;-0,19057778
564;181;6080;0;19437,25;2,2857144;1,5238096;1,4976872;0,998458
567;183;7328;0;19446,5;0,3243243;0,21621622;-0,21204217;-0,14136145
569;185;8624;0;19447,875;1,4545455;1,4545455;0,821979;0,9006031
572;186;9780;0;19449,156;2,3414633;0,7804878;0,69222856;-0,52609384
574;187;10812;0;19458,531;0,21333334;0,10666667;-0,22700053;-0,07187425
576;188;11701;0;19459,781;1,6;0,8;1,1093333;0,55466664
578;189;12429;0;19469,375;0,20846905;0,104234524;-0,14504558;-0,07252279
579;189;13145;0;19470,875;0,6666667;0;0,3054651;-0,06948968
581;189;13745;0;19480,406;0,20983607;0;-0,04792977;0
582;189;14229;0;19481,656;0,8;0;0,47213116;0
583;189;14721;0;19491,438;0,10223642;0;-0,07133685;0
583;189;15125;0;19492,969;0;0;-0,06676664;0
584;189;15517;0;19494,094;0,8888889;0;0,79012346;0
584;189;15841;0;19503,812;0;0;-0,091461234;0
585;189;16181;0;19505,062;0,8;0;0,64;0
585;189;16497;0;19514,469;0;0;-0,08504984;0
586;189;16797;0;19516,094;0,61538464;0;0,37869823;0
586;188;17045;0;19525,312;0;-0,108474575;-0,06675359;-0,011766734
587;188;17245;0;19526,625;0,7619048;0;0,5804989;0,082647294
587;188;17445;0;19527,531;0;0;-0,8407225;0
588;188;17653;0;19537,406;0,101265825;0;0,010254767;0
588;187;17817;0;19538,469;0;-0,9411765;-0,09530901;-0,8858132
588;187;17965;0;19547,344;0;0;0;0,106048055
589;187;18089;0;19548,938;0,627451;0;0,39369476;0
589;187;18237;0;19558,406;0;0;-0,06626545;0
589;186;18409;0;19559,812;0;-0,7111111;0;-0,505679
589;186;18581;0;19569,719;0;0;0;0,07178409
590;185;18817;0;19571,156;0,6956522;-0,6956522;0,48393196;-0,48393196
590;185;19133;0;19581,188;0;0;-0,06934851;0,06934851
590;184;19541;0;19582,812;0;-0,61538464;0;-0,37869823
590;182;19921;0;19584,031;0;-1,6410257;0;-0,84155154
590;180;20261;0;19593,25;0;-0,21694915;0;0,1544761
589;179;20569;0;19594,688;-0,6956522;-0,6956522;-0,48393196;-0,3330108
589;177;20873;0;19604,5;0;-0,20382166;0,07089449;0,050122857
588;175;21201;0;19605,656;-0,8648649;-1,7297298;-0,74799126;-1,3197043
587;172;21529;0;19615,125;-0,105610564;-0,31683168;0,08018528;0,14921695
586;170;21858;0;19616,938;-0,55172414;-1,1034483;-0,24613163;-0,43399534
584;167;22198;0;19618;-1,882353;-2,8235295;-1,2523565;-1,6189
583;164;22550;0;19627,219;-0,108474575;-0,32542372;0,1924207;0,27098095
581;161;22914;0;19628,844;-1,2307693;-1,8461539;-0,6906429;-0,93583393
580;158;23250;0;19639,156;-0,096969694;-0,29090908;0,1099442;0,15081161
578;155;23566;0;19640,594;-1,3913044;-2,0869565;-0,9004067;-1,2494243
576;151;23890;0;19650,688;-0,19814241;-0,39628482;0,118208;0,16749689
574;148;24230;0;19651,875;-1,6842105;-2,5263157;-1,2514257;-1,7937102
572;145;24554;0;19661,906;-0,19937694;-0,2990654;0,14802079;0,22203119
570;141;24858;0;19663,188;-1,5609756;-3,121951;-1,0627111;-2,203228
567;138;25098;0;19664,281;-2,7428572;-2,7428572;-1,0805775;0,34660012
564;134;25278;0;19674,062;-0,30670926;-0,40894568;0,24906304;0,23861076
562;130;25398;0;19675,625;-1,28;-2,56;-0,622906;-1,3766748
559;126;25470;0;19685,719;-0,2972136;-0,39628482;0,097365834;0,21436188
555;122;25530;0;19686,875;-3,4594595;-3,4594595;-2,7349155;-2,6492321
552;117;25590;0;19688,031;-2,5945945;-4,324324;0,7479914;-0,74799097
549;113;25598;0;19697,656;-0,3116883;-0,41558442;0,23718505;0,40610284
545;108;25610;0;19699,438;-2,245614;-2,8070176;-1,0857127;-1,342559
542;103;25658;0;19709,531;-0,2972136;-0,49535602;0,19303039;0,22901909
539;98;25658;0;19710,875;-2,2325583;-3,7209303;-1,4402565;-2,4004273
536;93;25586;0;19720,75;-0,30379745;-0,5063291;0,19531755;0,32552925
533;89;25526;0;19722,25;-2;-2,6666667;-1,1308017;-1,4402251
530;85;25286;0;19732,219;-0,30094042;-0,4012539;0,17043859;0,22725144
528;81;25070;0;19733,938;-1,1636363;-2,3272727;-0,5019322;-1,1205927
525;79;24694;0;19735,062;-2,6666667;-1,7777778;-1,336027;0,4884399
523;76;24154;0;19743,969;-0,22456141;-0,33684212;0,2742013;0,16178927
522;75;23514;0;19745,188;-0,82051283;-0,82051283;-0,4889858;-0,396858
520;75;22582;0;19754,562;-0,21333334;0;0,06476582;0,08752137
519;75;21341;0;19755,906;-0,74418604;0;-0,39505315;0
518;76;19669;0;19765,281;-0,10666667;0,10666667;0,06800207;0,011377778
517;79;17565;0;19767,031;-0,5714286;1,7142857;-0,26557824;0,9186395
517;82;14541;0;19768,344;0;2,2857144;0,43537417;0,4353742
517;86;10612;0;19777,719;0;0,42666668;0;-0,19829841
517;91;7984;0;19779,219;0;3,3333333;0;1,9377776
518;96;5892;0;19789,188;0,10031348;0,5015674;0,010062794;-0,2840643
519;102;3976;0;19791;0,55172414;3,310345;0,24905415;1,5496703
520;107;2008;0;19801,156;0,09846154;0,4923077;-0,044628933;-0,2774683
521;113;784;0;19802,375;0,82051283;4,923077;0,59245235;3,635503
523;118;784;0;19803,594;1,6410257;4,1025643;0,6732413;-0,67324126
525;123;912;0;19813,219;0,20779221;0,5194805;-0,14890738;-0,37226847
527;127;2752;0;19814,812;1,254902;2,509804;0,6570101;1,2488304
529;131;4616;0;19822,75;0,2519685;0,503937;-0,12635383;-0,25270766
531;134;6296;0;19825,688;0,68085104;1,0212766;0,14600256;0,1761156
533;136;7620;0;19834,375;0,23021583;0,23021583;-0,051871676;-0,09105735
534;138;8660;0;19835,469;0,9142857;1,8285714;0,6254353;1,4613538
535;139;9736;0;19842,719;0,13793103;0,13793103;-0,1070834;-0,23319179
536;140;10756;0;19843,875;0,8648649;0,8648649;0,62869954;0,62869954
537;140;11721;0;19850,938;0,14159292;0;-0,10241019;-0,12245875
537;140;12581;0;19857,75;0;0;-0,020784281;0
537;140;13333;0;19858,875;0;0;0;0
538;140;14149;0;19865,781;0,14479639;0;0,020965993;0
538;140;15109;0;19872,75;0;0;-0,020777958;0
539;140;16177;0;19879,875;0,14035088;0;0,019698368;0
539;139;17329;0;19880,844;0;-1,032258;-0,14487833;-1,0655566
540;138;18417;0;19888,156;0,13675214;-0,13675214;0,018701147;0,12246235
540;138;19169;0;19889,375;0;0;-0,112206884;0,112206884
542;133;19721;0;19895,781;0,31219512;-0,7804878;0,048732895;-0,12183224
544;130;20269;0;19902,625;0,29223743;-0,43835616;-0,0029161924;0,049991835
546;127;20881;0;19903,625;2;-3;1,7077626;-2,5616438
549;124;21501;0;19910,75;0,42105263;-0,42105263;-0,22160664;0,36195752
552;120;22230;0;19917,594;0,43835616;-0,58447486;0,0025283692;-0,023879047
555;116;22846;0;19918,656;2,8235295;-3,764706;2,244869;-2,9931586
558;112;23306;0;19925,594;0,43243244;-0,5765766;-0,34466264;0,4595502
563;108;23766;0;19932,781;0,6956522;-0,5565217;0,036621876;0,0027902438
567;103;24286;0;19933,875;3,6571429;-4,571429;2,7076485;-3,670772
572;98;24806;0;19940,531;0,75117373;-0,75117373;-0,43657753;0,57393503
577;94;25238;0;19947,281;0,7407407;-0,5925926;-0,0015456324;0,023493502
583;89;25502;0;19948,438;5,189189;-4,324324;3,8473065;-3,2274435
589;86;25718;0;19955,594;0,83842796;-0,41921398;-0,6079666;0,54569227
596;82;25850;0;19962,688;0,98678416;-0,5638766;0,02091365;-0,020392973
603;79;25850;0;19963,938;5,6;-2,4;3,6905727;-1,4688988
610;77;25706;0;19970,812;1,0181818;-0,29090908;-0,66644627;0,30677688
618;76;25418;0;19977,812;1,1428572;-0,14285715;0,017810771;0,021150276
627;75;25034;0;19978,781;9,290322;-1,032258;8,410286;-0,91809124
635;74;24490;0;19986,094;1,0940171;-0,13675214;-1,1208622;0,12246235
644;74;23502;0;19993,219;1,2631578;0;0,023739045;0,019193284
652;75;22086;0;19994,406;6,736842;0,84210527;4,6094184;0,70914125
660;76;19377;0;20002;1,0534979;0,13168724;-0,74842393;-0,09355299
668;77;14313;0;20009,062;1,1327434;0,14159292;0,011220595;0,0014025744
673;78;4624;0;20010,344;3,902439;0,7804878;2,1617138;0,49864966
673;78;0;0;20011,406;0;0;-3,672884;-0,7345767
678;81;0;0;20019,031;0,6557377;0,39344263;0,085998386;0,051599033
680;82;0;168;20020,031;2;1;1,3442624;0,60655737
681;83;0;397;20023,688;0,2735043;0,2735043;-0,47220397;-0,19869968
681;83;0;593;20027,594;0;0;-0,0700171;-0,0700171
680;83;0;794;20033,594;-0,16666667;0;-0,027777778;0
680;83;0;906;20037,812;0;0;0,039506175;0
679;82;0;990;20043,75;-0,16842106;-0,16842106;-0,028365653;-0,028365653
679;84;0;1023;20047,438;0;0,5423729;0,04567351;0,19275768
679;86;0;1023;20053,469;0;0,3316062;0;-0,03494577
679;88;0;1023;20057,438;0;0,503937;0;0,04342193
679;88;0;1023;20063,844;0;0;0;-0,078663334
757;281;0;990;20199,906;0,57326597;1,4184657;0,004213255;0,010425104
757;281;0;850;20201,562;0;0;-0,34612286;-0,85643214
757;282;0;794;20207,844;0;0,15920398;0;0,025345907
756;282;0;738;20211,5;-0,2735043;0;-0,07480459;-0,043542966
756;283;0;682;20217,75;0;0,16;0,043760687;0,0256
755;284;0;593;20221,875;-0,24242425;0,24242425;-0,058769517;0,019981638
753;285;0;453;20228,031;-0,3248731;0,16243654;-0,013392705;-0,012992927
752;286;0;341;20231,5;-0,2882883;0,2882883;0,010546967;0,036281586
750;287;0;196;20237,75;-0,32;0,16;-0,0050738715;-0,020526128
749;288;0;84;20241,75;-0,25;0,25;0,017499998;0,0225
748;289;0;0;20247,781;-0,1658031;0,1658031;0,013960107;-0,013960107
747;290;0;0;20251,719;-0,25396827;0,25396827;-0,022391153;0,022391153
746;291;0;0;20258,031;-0,15841584;0,15841584;0,015137019;-0,015137019
746;292;0;0;20262,062;0;0,24806201;0,03929695;0,022237811
746;293;0;0;20267,781;0;0,17486338;0;-0,01279976
746;295;0;0;20271,812;0;0,49612403;0;0,07969256
746;296;0;0;20277,938;0;0,1632653;0;-0,054344285
746;298;3460;0;20283,125;0;0,38554215;0;0,04284855
746;298;3460;0;20284,531;0;0;0;-0,2741633
746;300;0;0;20293,031;0;0,23529412;0;0,027681662
746;303;0;40;20294,469;0;2,0869565;0;1,288113
745;306;0;108;20297,938;-0,2882883;0,8648649;-0,08311014;-0,3523147
744;307;0;172;20301,75;-0,26229507;0,26229507;0,006817896;-0,1580511
744;309;0;260;20307,969;0;0,32160804;0,0421781;0,009537764
743;311;0;324;20311,719;-0,26666668;0,53333336;-0,07111111;0,056460086
743;312;0;413;20318;0;0,15920398;0,042454395;-0,059562888
742;313;0;453;20321,719;-0,26890758;0,26890758;-0,07231128;0,029500129
741;315;0;521;20327,969;-0,16;0,32;0,017425213;0,008174786
741;316;0;541;20331,688;0;0,26890758;0,04302521;-0,013739137
741;317;0;585;20338,031;0;0,15763547;0;-0,01754043
741;318;0;605;20341,875;0;0,2601626;0;0,026673725
741;319;0;629;20348,062;0;0,16161616;0;-0,015926696
741;321;0;629;20351,719;0;0,5470086;0;0,10540648
741;322;0;649;20358,156;0;0,1553398;0;-0,06084175
740;323;0;649;20361,625;-0,2882883;0,2882883;-0,08311014;0,038327493
740;324;0;649;20365,938;0;0,23188406;0,06684946;-0,013079243
740;325;0;673;20371,938;0;0,16666667;0;-0,010869565
740;326;0;673;20376,062;0;0,24242425;0;0,018365473
740;327;0;673;20382,156;0;0,16410257;0;-0,012852789
740;328;0;673;20385,938;0;0,2644628;0;0,026541548
740;329;0;673;20391,969;0;0,1658031;0;-0,016358083
739;329;0;673;20395,688;-0,26890758;0;-0,07231128;-0,04458571
739;330;0;673;20401,969;0;0,15920398;0,042811155;0,025345907
738;331;0;649;20405,656;-0,27118644;0,27118644;-0,07354209;0,030368127
737;332;0;649;20412,031;-0,15686275;0,15686275;0,017933128;-0,017933128
736;332;0;649;20415,781;-0,26666668;0;-0,029281048;-0,041830067
735;334;0;629;20421,75;-0,16753927;0,33507854;0,016607733;0,056138813
734;335;0;605;20425,688;-0,25396827;0,25396827;-0,021950223;-0,020599434
734;336;0;565;20432,031;0;0,15763547;0,040034406;-0,015185467
734;337;0;541;20435,75;0;0,26890758;0;0,029921912
734;339;0;477;20442,062;0;0,31683168;0;0,0075919367
734;340;0;433;20445,688;0;0,27586207;0;-0,011301962
735;341;0;369;20451,938;0,16;0,16;0,0256;-0,018537931
736;342;0;280;20455,656;0,26890758;0,26890758;0,029286072;0,029286072
739;343;0;172;20461,969;0,47524753;0,15841584;0,03268752;-0,017503642
740;344;0;84;20465,594;0,27586207;0,27586207;-0,055002887;0,03239896
742;344;0;0;20472,062;0,30917874;0;0,0051504034;-0,042645343
743;345;0;0;20475,625;0,28070176;0,28070176;-0,007993539;0,07879347
744;345;0;0;20482;0,15686275;0;-0,019425726;-0,04403165
744;345;16313;0;20486,906;0;0;-0,031972025;0
744;345;18757;0;20496;0;0;0;0
744;345;19089;0;20497,375;0;0;0;0
744;345;19089;0;20507,188;0;0;0;0
744;345;18993;0;20508,719;0;0;0;0
744;345;18881;0;20518,688;0;0;0;0
744;345;18661;0;20520,312;0;0;0;0
744;345;18365;0;20521,688;0;0;0;0
744;345;18093;0;20531,375;0;0;0;0
744;345;18093;0;20533,594;0;0;0;0
744;345;18201;0;20542,656;0;0;0;0
745;339;18573;0;20544;0,74418604;-4,4651165;0,55381286;-3,3228774
745;336;19053;0;20547,156;0;-0,95049506;-0,23578171;1,1135434
745;331;19457;0;20556,219;0;-0,55172414;0;0,04400231
745;327;19837;0;20557,469;0;-3,2;0;-2,1186206
745;322;20205;0;20567,469;0;-0,5;0;0,27
745;317;20437;0;20568,969;0;-3,3333333;0;-1,8888888
745;311;20597;0;20578,375;0;-0,63787377;0;0,28656048
745;306;20681;0;20579,812;0;-3,4782608;0;-1,9759213
744;301;20789;0;20589,844;-0,09968847;-0,49844238;-0,009937791;0,29705355
743;296;20961;0;20591,438;-0,627451;-3,137255;-0,3311451;-1,6557255
743;291;21121;0;20593;0;-3,2;0,40156865;-0,04015686
742;287;21301;0;20603,656;-0,09384164;-0,37536657;-0,008806254;0,26506826
741;283;21509;0;20605,312;-0,6037736;-2,4150944;-0,3078834;-1,2315336
740;279;21593;0;20606,562;-0,8;-3,2;-0,15698114;-0,62792456
739;276;21641;0;20616,375;-0,10191083;-0,3057325;0,071142845;0,2949572
738;273;21641;0;20617,812;-0,6956522;-2,0869565;-0,41303748;-1,2391124
737;270;21497;0;20627,812;-0,1;-0,3;0,059565216;0,17869565
736;267;21241;0;20629,406;-0,627451;-1,882353;-0,33094963;-0,9928489
735;264;20705;0;20639,625;-0,09785933;-0,29357797;0,051825486;0,15547645
735;262;19985;0;20641,312;0;-1,1851852;0,057990715;-0,52835983
734;260;18981;0;20642,688;-0,72727275;-1,4545455;-0,52892566;-0,1958984
732;257;17793;0;20652,812;-0,19753087;-0,2962963;0,052320186;0,11439498
731;255;16173;0;20654,188;-0,72727275;-1,4545455;-0,3852668;-0,842363
729;254;13621;0;20655,562;-1,4545455;-0,72727275;-0,52892566;0,52892566
728;252;8712;0;20665,938;-0,09638554;-0,19277108;0,13090698;0,05151823
726;251;1544;0;20667,594;-1,2075472;-0,6037736;-0,6708901;-0,24815246
726;251;0;0;20668,938;0;0;0,89863974;0,44931987
721;251;0;44;20678,25;-0,53691274;0;-0,05765506;0
718;251;0;112;20679,688;-2,0869565;0;-1,0782913;0
715;251;0;204;20681,938;-1,3333334;0;0,33494362;0
711;252;0;272;20685,938;-1;0,25;0,08333334;0,0625
703;257;0;385;20701,875;-0,5019608;0,3137255;0,031249518;0,003998463
701;260;0;409;20705,938;-0,4923077;0,73846155;0,002376153;0,104550414
699;263;0;409;20711,875;-0,33684212;0,50526315;0,026183676;-0,03927552
697;266;0;409;20715,75;-0,516129;0,7741935;-0,046267588;0,06940139
697;270;0;409;20721,938;0;0,64646465;0,08341479;-0,020643052
696;273;0;409;20725,75;-0,26229507;0,78688526;-0,068798706;0,036831636
696;277;0;385;20732,062;0;0,63366336;0,041551694;-0,024272777
696;279;0;341;20736,125;0;0,4923077;0;-0,03479524
697;282;0;292;20742;0,17021276;0,5106383;0,028972385;0,0031201027
698;283;0;224;20745,562;0,28070176;0,28070176;0,031014455;-0,06454359
699;284;0;112;20752;0,1553398;0,1553398;-0,019473702;-0,019473702
700;284;0;20;20755,875;0,2580645;0;0,0265096;-0,040087692
701;285;0;0;20761,844;0,16753927;0,16753927;-0,015166532;0,028069407
702;285;0;0;20765,531;0,27118644;0;0,028107708;-0,045434378
702;286;17849;0;20772,031;0;0,15384616;-0,04172099;0,02366864
702;286;19217;0;20781,469;0;0;0;-0,01630158
702;286;19817;0;20783,125;0;0;0;0
702;286;19817;0;20792,062;0;0;0;0
702;286;19769;0;20793,531;0;0;0;0
702;286;19389;0;20803,188;0;0;0;0
702;286;18997;0;20804,531;0;0;0;0
702;286;18637;0;20805,5;0;0;0;0
702;286;18341;0;20814,656;0;0;0;0
701;282;18145;0;20816,031;-0,72727275;-2,909091;-0,52892566;-2,1157026
701;280;18033;0;20825,25;0;-0,21694915;0,07889061;0,29202893
703;279;17961;0;20826,562;1,5238096;-0,7619048;1,1609977;-0,4152043
704;277;17901;0;20836,469;0,100946374;-0,20189275;-0,14363287;0,056531183
706;276;17897;0;20837,844;1,4545455;-0,72727275;0,9844357;-0,38209456
708;275;17897;0;20847,219;0,21333334;-0,10666667;-0,13239597;0,066197984
711;275;17341;0;20849,031;1,6551725;0;0,7954974;0,058850575
714;275;16065;0;20858,906;0,30379745;0;-0,1368481;0
718;276;14261;0;20860,375;2,7234042;0,68085104;1,6473918;0,46355817
722;279;12169;0;20861,375;4;3;1,2765958;2,319149
725;281;8224;0;20871,125;0,30769232;0,20512821;-0,37869823;-0,28665352
728;284;2788;0;20872,531;2,1333334;2,1333334;1,2982337;1,3711681
728;284;0;0;20873,469;0;0;-2,2755556;-2,2755556
735;291;0;20;20884,219;0,6511628;0,6511628;0,060573284;0,060573284
740;296;0;44;20885,312;4,571429;4,571429;3,584243;3,584243
745;301;0;68;20886,094;6,4;6,4;2,3405714;2,3405714
751;307;0;112;20891,688;1,0726258;1,0726258;-0,95237976;-0,95237976
757;312;0;180;20895,625;1,5238096;1,2698413;0,11458636;0,05008649
762;316;0;248;20901,906;0,7960199;0,6368159;-0,115867004;-0,10078017
767;320;0;292;20905,438;1,4159292;1,1327434;0,17554954;0,14043963
772;323;0;316;20911,531;0,82051283;0,4923077;-0,09770935;-0,10509714
778;326;0;316;20915,781;1,4117647;0,7058824;0,13911809;0,050252866
782;329;0;292;20921,75;0,6701571;0,5026178;-0,12424841;-0,0340548
787;331;0;272;20925,562;1,3114754;0,52459013;0,16821465;0,0057632416
791;333;0;248;20931,781;0,6432161;0,32160804;-0,107458785;-0,032640338
796;334;0;204;20935,531;1,3333334;0,26666668;0,18403128;-0,014651028
799;335;0;136;20941,75;0,48241207;0,16080402;-0,13683157;-0,017023142
803;335;0;68;20945,812;0,9846154;0;0,12361929;-0,03958253
805;335;0;0;20951,969;0,3248731;0;-0,10716626;0
807;335;0;0;20955,594;0,55172414;0;0,0625796;0
808;334;0;0;20962,094;0,15384616;-0,15384616;-0,061212;-0,02366864
808;334;7504;0;20965,938;0;0;-0,04002502;0,04002502
808;334;17413;0;20975,406;0;0;0;0
808;334;19413;0;20976,688;0;0;0;0
804;330;19413;0;20986,25;-0,41830066;-0,41830066;-0,04374386;-0,04374386
801;327;19365;0;20987,656;-2,1333334;-2,1333334;-1,2195789;-1,2195789
798;324;19181;0;20997,156;-0,31578946;-0,31578946;0,19132042;0,19132042
795;320;19169;0;20998,906;-1,7142857;-2,2857144;-0,79914075;-1,1256714
792;316;19161;0;21008,562;-0,3106796;-0,4142395;0,14535728;0,19380969
788;312;19161;0;21010,25;-2,3703704;-2,3703704;-1,2205575;-1,1591886
784;308;19165;0;21020,844;-0,37758112;-0,37758112;0,1881099;0,1881099
780;303;19165;0;21022,5;-2,4150944;-3,018868;-1,2301967;-1,5947392
775;299;19177;0;21023,469;-5,16129;-4,129032;-2,8347828;-1,145976
771;295;19177;0;21032,938;-0,42244226;-0,42244226;0,50047237;0,39145505
766;290;19177;0;21034,188;-4;-4;-2,8620462;-2,8620462
761;286;19053;0;21043,469;-0,53872055;-0,43097642;0,37293246;0,38454127
756;281;18893;0;21044,562;-4,571429;-4,571429;-3,6870475;-3,7855566
750;276;18389;0;21045,375;-7,3846154;-6,1538463;-3,4623835;-1,9475907
745;271;17609;0;21055,562;-0,49079755;-0,49079755;0,6766938;0,5558821
739;266;16489;0;21056,625;-5,647059;-4,7058825;-4,852952;-3,9671388
734;261;14977;0;21067;-0,48192772;-0,48192772;0,49784395;0,40712816
728;256;12561;0;21068,281;-4,6829267;-3,902439;-3,2788284;-2,6696675
722;251;8360;0;21077,281;-0,6666667;-0,5555556;0,44625112;0,37187594
718;248;3304;0;21078,344;-3,764706;-2,8235295;-2,9158015;-2,1345637
718;248;0;0;21079,125;0;0;4,8188233;3,6141176
710;242;0;0;21088,562;-0,8476821;-0,6357616;-0,08982062;-0,06736547
705;240;0;0;21089,781;-4,1025643;-1,6410257;-2,6706727;-0,824832
700;236;0;0;21091,594;-2,7586207;-2,2068965;0,74148613;-0,31220463
694;233;0;0;21095,688;-1,4656489;-0,73282444;0,31584045;0,3600787
689;230;0;0;21102,062;-0,78431374;-0,47058824;0,106876105;0,04113509
684;227;0;0;21105,531;-1,4414414;-0,8648649;-0,18944222;-0,11366534
680;224;0;0;21109,969;-0,90140843;-0,6760563;0,121697575;0,042548407
677;222;0;0;21116,062;-0,4923077;-0,32820514;0,06713448;0,05708327
674;220;0;0;21119,562;-0,85714287;-0,5714286;-0,10423862;-0,069492415
671;219;0;0;21126,219;-0,45070422;-0,15023474;0,061061207;0,063277945
670;218;0;0;21129,688;-0,2882883;-0,2882883;0,046822608;-0,03979922
668;217;0;0;21136,094;-0,31219512;-0,15609756;-0,0037317974;0,020634651
666;217;0;0;21139,5;-0,58715594;0;-0,080722444;0,045826808
665;217;9476;0;21145,875;-0,15686275;0;0,06749697;0
665;217;11657;0;21155,156;0;0;0,016901037;0
665;217;13013;0;21156,312;0;0;0;0
665;217;14237;0;21165,469;0;0;0;0
665;217;15081;0;21166,656;0;0;0;0
665;217;15081;0;21175,562;0;0;0;0
665;217;14905;0;21176,812;0;0;0;0
665;217;14905;0;21186,094;0;0;0;0
665;217;15081;0;21187,312;0;0;0;0
669;220;15425;0;21197,094;0,40894568;0,30670926;0,04180914;0,031356856
672;220;15801;0;21199,125;1,4769231;0;0,5257735;-0,15099533
675;221;16281;0;21200,125;3;1;1,5230769;1
678;222;16753;0;21208,906;0,34163702;0,113879;-0,30273172;-0,100910574
682;223;17193;0;21210,219;3,047619;0,7619048;2,0617008;0,4937339
685;223;17577;0;21219,781;0,3137255;0;-0,28589737;-0,079676315
690;224;18057;0;21221,469;2,9629629;0,5925926;1,5699185;0,35116598
694;225;18441;0;21231,344;0,4050633;0,101265825;-0,2590278;-0,049754612
699;226;18825;0;21232,875;3,2653062;0,6530612;1,8679137;0,36035615
704;227;19317;0;21241,938;0,55172414;0,11034483;-0,29942974;-0,059885945
710;229;19817;0;21243,281;4,4651165;1,4883721;2,912292;1,0255086
715;230;20137;0;21252,5;0,5423729;0,108474575;-0,42551795;-0,14968379
722;232;20281;0;21253,781;5,4634147;1,5609756;3,8408132;1,1336592
728;234;20441;0;21262,812;0,66435987;0,2214533;-0,5313832;-0,14832081
735;236;20537;0;21264,312;4,6666665;1,3333334;2,6682043;0,7412534
741;238;20537;0;21273,562;0,6486486;0,21621622;-0,4343803;-0,120769426
748;240;20537;0;21274,812;5,6;1,6;3,961081;1,107027
754;242;20589;0;21275,688;6,857143;2,2857144;1,4367349;0,7836736
760;244;20589;0;21284,969;0,64646465;0,21548821;-0,66916394;-0,22305468
766;247;20513;0;21286,188;4,923077;2,4615386;3,5090153;1,8429132
771;249;20321;0;21295;0,5673759;0,22695035;-0,494264;-0,2535703
775;250;19877;0;21296,219;3,2820513;0,82051283;2,227426;0,48702562
779;252;19353;0;21305,625;0,42524916;0,21262458;-0,3037132;-0,06462599
782;254;18725;0;21306,656;2,909091;1,939394;2,4085739;1,6744431
784;255;18021;0;21316,375;0,20578778;0,10289389;-0,2781534;-0,18896465
786;256;17117;0;21317,531;1,7297298;0,8648649;1,3180039;0,65900195
787;256;15989;0;21326,781;0,10810811;0;-0,17531045;-0,09349891
787;257;14477;0;21327,969;0;0,84210527;-0,091038406;0,70914125
787;257;12441;0;21337,531;0;0;0;-0,0880633
787;257;9916;0;21338,969;0;0;0;0
786;257;7128;0;21339,719;-1,3333334;0;-1,7777778;0
784;257;788;0;21340,438;-2,7826087;0;-2,0163832;0
784;257;0;0;21350,031;0;0;0,29004392;0
778;256;0;44;21351,406;-4,3636365;-0,72727275;-3,1735537;-0,52892566
774;256;0;112;21355,531;-0,969697;0;0,8227732;0,17630854
769;255;0;156;21359,562;-1,2403101;-0,24806201;-0,06712882;-0,061534762
763;253;0;180;21365,844;-0,95522386;-0,31840795;0,04538686;-0,011199353
758;252;0;204;21369,781;-1,2698413;-0,25396827;-0,07990284;0,016365634
758;252;0;180;21375,844;0;0;0,20945837;0,04189167
749;249;0;180;21380,031;-2,1492538;-0,7164179;-0,51325464;-0,17108488
744;247;0;180;21386,125;-0,82051283;-0,32820514;0,21804982;0,06370671
741;245;0;156;21390,031;-0,768;-0,512;0,013443283;-0,04705149
737;243;0;112;21396,031;-0,6666667;-0,33333334;0,016888887;0,02977778
735;241;0;88;21399,781;-0,53333336;-0,53333336;0,035555553;-0,05333334
733;240;0;20;21406,594;-0,29357797;-0,14678898;0,03519345;0,05674046
731;238;0;0;21409,906;-0,6037736;-0,6037736;-0,09364396;-0,13795762
728;237;0;0;21415,906;-0,5;-0,16666667;0,017295599;0,07285115
726;237;0;0;21419,75;-0,5203252;0;-0,0052878526;0,043360434
723;236;15517;0;21426,188;-0,46601942;-0,1553398;0,008435846;-0,024130456
723;236;18101;0;21435,281;0;0;0,05124612;0,017082041
719;234;18709;0;21436,844;-2,56;-1,28;-1,6384;-0,8192
717;233;18709;0;21445,906;-0,22068965;-0,11034483;0,2581308;0,1290654
716;231;18501;0;21447,906;-0,5;-1;-0,13965517;-0,4448276
715;230;18337;0;21449,719;-0,55172414;-0,55172414;-0,028537454;0,24732462
715;229;18229;0;21459,062;0;-0,10702341;0,0590474;0,04759339
715;228;18117;0;21460,688;0;-0,61538464;0;-0,31283766
714;226;17981;0;21470,188;-0,10526316;-0,21052632;-0,011080332;0,042616665
714;224;17969;0;21471,625;0;-1,3913044;0,07322655;-0,8214108
713;222;17969;0;21483,125;-0,08695652;-0,17391305;-0,007561437;0,10586012
713;219;18177;0;21484,906;0;-1,6842105;0,048817698;-0,8478863
712;215;18485;0;21486,344;-0,6956522;-2,7826087;-0,48393196;-0,7641031
711;211;18845;0;21495,594;-0,10810811;-0,43243244;0,06351828;0,2540731
709;206;19177;0;21497,156;-1,28;-3,2;-0,7500107;-1,7712433
707;200;19497;0;21506,438;-0,21548821;-0,64646465;0,11469487;0,2751284
705;194;19849;0;21507,688;-1,6;-4,8;-1,1076095;-3,3228283
703;188;20229;0;21517,156;-0,21122113;-0,63366336;0,14666972;0,44000918
700;181;20597;0;21518,281;-2,6666667;-6,2222223;-2,1826181;-4,967608
697;174;20985;0;21528,031;-0,30769232;-0,71794873;0,2419461;0,56454086
693;167;21205;0;21529,375;-2,9767442;-5,2093024;-1,9862711;-3,3424027
690;159;21373;0;21531,406;-1,4769231;-3,9384615;0,73837346;0,62564474
686;151;21521;0;21540,719;-0,4295302;-0,8590604;0,112471715;0,33067393
683;143;21777;0;21542,156;-2,0869565;-5,5652175;-1,1529922;-3,2738485
679;136;21934;0;21551,75;-0,4169381;-0,7296417;0,17407358;0,504034
676;129;22166;0;21553;-2,4;-5,6;-1,5864496;-3,8962867
672;122;22358;0;21561,719;-0,45878136;-0,8028674;0,22264874;0,55020875
670;117;22418;0;21562,812;-1,8285714;-4,571429;-1,2523795;-3,4455419
667;111;22522;0;21572,906;-0,2972136;-0,5944272;0,15171346;0,39400637
665;106;22522;0;21574,156;-1,6;-4;-1,042229;-2,7244582
663;102;22462;0;21584,031;-0,20253165;-0,4050633;0,14151578;0,36404422
661;98;22362;0;21585,438;-1,4222223;-2,8444445;-0,8673355;-1,734671
660;94;22218;0;21586,719;-0,7804878;-3,121951;0,50086594;-0,21659051
659;91;21962;0;21596,188;-0,105610564;-0,31683168;0,07127416;0,29625025
659;89;21405;0;21598,562;0;-0,84210527;0,044467606;-0,22116782
658;87;20781;0;21599,906;-0,74418604;-1,4883721;-0,55381286;-0,48094276
658;87;19941;0;21609,219;0;0;0,079912595;0,15982519
658;87;18849;0;21610,812;0;0;0;0
658;87;17341;0;21620,531;0;0;0;0
659;88;14361;0;21622,156;0,61538464;0,61538464;0,37869823;0,37869823
661;92;11989;0;21631,812;0,20711975;0,4142395;-0,04227986;-0,020830564
664;98;10937;0;21633,156;2,2325583;4,4651165;1,5073031;3,0146062
666;105;9552;0;21642,531;0,21333334;0,74666667;-0,21538399;-0,39663464
670;113;7260;0;21643,906;2,909091;5,818182;1,960551;3,6883745
673;121;4956;0;21645,594;1,7777778;4,740741;-0,67040783;-0,6384837
677;130;3612;0;21654,875;0,43097642;0,969697;-0,14510992;-0,40630776
681;140;2816;0;21656,375;2,6666667;6,6666665;1,4904603;3,7979796
686;149;2568;0;21664,562;0,610687;1,0992366;-0,251112;-0,6799914
691;158;2568;0;21665,594;4,848485;8,727273;4,10938;7,396884
697;167;2804;0;21672,312;0,89302325;1,3395349;-0,5887199;-1,0995704
702;175;3640;0;21679,125;0,73394495;1,1743119;-0,023350943;-0,024252918
707;182;4644;0;21680,375;4;5,6;2,612844;3,5405502
712;189;5724;0;21687,5;0,7017544;0,98245615;-0,46291167;-0,6480763
717;194;6688;0;21694,25;0,7407407;0,7407407;0,005775752;-0,035809692
721;199;7388;0;21701,094;0,58447486;0,7305936;-0,022833368;-0,0014826806
725;202;7844;0;21702,062;4,129032;3,096774;3,6588979;2,442509
728;205;7984;0;21708,812;0,44444445;0,44444445;-0,5458648;-0,39293772
731;208;7984;0;21715,719;0,43438914;0,43438914;-0,0014559715;-0,0014559715
734;210;7908;0;21717,344;1,8461539;1,2307693;0,8687783;0,4900801
736;212;7908;0;21724,375;0,28444445;0,28444445;-0,22210978;-0,13458842
737;214;8428;0;21725,594;0,82051283;1,6410257;0,439851;1,1130923
739;215;9100;0;21732,656;0,28318584;0,14159292;-0,0760817;-0,21230906
739;215;10084;0;21739,375;0;0;-0,04214859;-0,021074295
740;216;11193;0;21740,531;0,8648649;0,8648649;0,74799126;0,74799126
740;216;12261;0;21747,406;0;0;-0,12579852;-0,12579852
740;216;13093;0;21754,312;0;0;0;0
740;216;13777;0;21755,875;0;0;0;0
740;216;14629;0;21763,125;0;0;0;0
740;216;15749;0;21769,906;0;0;0;0
740;214;16841;0;21771,219;0;-1,5238096;0;-1,1609977
740;212;17761;0;21778,156;0;-0,2882883;0;0,17809317
740;209;18477;0;21785,188;0;-0,42666668;0;-0,019680481
740;204;18973;0;21786,25;0;-4,7058825;0;-4,0274973
740;200;19289;0;21793,156;0;-0,57918555;0;0,5975308
739;195;19549;0;21800,875;-0,12955466;-0,64777327;-0,016784409;-0,008885859
739;190;19721;0;21802,062;0;-4,2105265;0,10909866;-3,0002131
738;184;19853;0;21808,969;-0,14479639;-0,8687783;-0,020965993;0,48387304
737;179;19953;0;21810,562;-0,627451;-3,137255;-0,3028421;-1,423358
736;173;20149;0;21817,906;-0,13617021;-0,81702125;0,06689781;0,31594673
736;167;20393;0;21824,875;0;-0,86098653;0,01954012;-0,0063089193
735;160;20721;0;21826,031;-0,8648649;-6,0540543;-0,74799126;-4,4913015
735;154;21125;0;21833;0;-0,86098653;0,12410617;0,74519354
734;148;21489;0;21834,062;-0,9411765;-5,647059;-0,8858132;-4,5045385
734;142;21805;0;21840,875;0;-0,88073397;0,13815434;0,699644
734;136;21986;0;21848,281;0;-0,8101266;0;0,009533484
734;131;22182;0;21855,188;0;-0,7239819;0;0,012473439
734;126;22250;0;21856,219;0;-4,848485;0;-3,9995182
734;122;22250;0;21863,125;0;-0,57918555;0;0,61817914
735;119;22106;0;21864,938;0,55172414;-1,6551725;0,30439952;-0,5936479
736;116;21958;0;21871,688;0,14814815;-0,44444445;-0,059789035;0,17936713
737;114;21777;0;21878,5;0,14678898;-0,29357797;-0,00019951041;0,022145538
739;113;21425;0;21879,688;1,6842105;-0,84210527;1,2946708;-0,46191773
741;113;20853;0;21886,656;0,28699553;0;-0,20049722;0,12084022
743;113;20193;0;21893,469;0,29357797;0;0,0009662296;0
745;114;19409;0;21894,469;2;1;1,7064221;1
748;117;18769;0;21901,406;0,43243244;0,43243244;-0,2259557;-0,08181155
751;120;18029;0;21908,25;0,43835616;0,43835616;0,00086556614;0,00086556614
754;126;17545;0;21915,375;0,42105263;0,84210527;-0,0024285652;0,05666654
758;132;16665;0;21916,344;4,129032;6,193548;3,8275917;5,52407
761;140;15129;0;21923,281;0,43243244;1,1531532;-0,53284323;-0,72654337
765;149;12805;0;21924,594;3,047619;6,857143;1,9925232;4,345897
769;159;8232;0;21932,438;0,5099602;1,2749004;-0,32352623;-0,7116803
772;166;2704;0;21933,406;3,096774;7,225806;2,6702595;6,1428704
772;166;0;0;21940,094;0;0;-0,46306902;-1,0804944
777;181;0;0;21941,125;4,848485;14,545455;4,701561;14,104684
780;190;0;0;21943,5;1,2631578;3,7894738;-1,5096115;-4,5288343
783;202;0;24;21949,656;0,48730963;1,9492385;-0,12602611;-0,29892147
786;213;0;72;21953,812;0,7218045;2,6466165;0,056419816;0,16779017
790;227;0;144;21959,594;0,6918919;2,4216216;-0,0051740697;-0,038918037
793;238;0;192;21964,281;0,64;2,3466666;-0,011070277;-0,015990397
796;249;0;264;21970;0,52459013;1,9234973;-0,020180957;-0,07399681
799;259;0;341;21973,594;0,8347826;2,7826087;0,086314425;0,2390571
803;268;0;365;21979,938;0,63054186;1,4187192;-0,032195583;-0,21499737
806;276;0;413;21983,656;0,8067227;2,1512606;0,04737636;0,19698593
809;283;0;437;21989,812;0,48730963;1,1370559;-0,051884357;-0,16474392
812;289;0;485;21993,75;0,7619048;1,5238096;0,06973845;0,09822316
815;294;0;509;21999,938;0,4848485;0,8080808;-0,04477677;-0,11567333
817;298;0;509;22003,562;0,55172414;1,1034483;0,018448452;0,08148068
819;302;0;509;22010,031;0,30917874;0,6183575;-0,03749494;-0,07498988
821;306;0;509;22013,906;0,516129;1,032258;0,05340652;0,10681304
822;309;0;485;22020,156;0,16;0,48;-0,056980643;-0,088361286
824;311;0;437;22023,844;0,5423729;0,5423729;0,10369434;0,016914682
825;313;0;365;22030,125;0,15920398;0,31840795;-0,061002016;-0,03565611
826;314;0;288;22033,781;0,2735043;0,2735043;0,031261623;-0,012281344
827;315;0;168;22040,031;0,16;0,16;-0,018160686;-0,018160686
828;316;0;72;22043,719;0,27118644;0,27118644;0,030152256;0,030152256
829;317;0;0;22050,125;0,15609756;0,15609756;-0,017965093;-0,017965093
830;318;0;0;22053,75;0,27586207;0,27586207;0,033038486;0,033038486
830;318;0;0;22060,156;0;0;-0,043061394;-0,043061394
830;318;19213;0;22063,875;0;0;0;0
826;315;20633;0;22084,125;-0,19753087;-0,14814815;-0,00975461;-0,007315958
825;313;19985;0;22085,562;-0,6956522;-1,3913044;-0,34651917;-0,8648043
824;311;19705;0;22095,312;-0,102564104;-0,20512821;0,060829546;0,12165909
823;309;19605;0;22096,969;-0,6037736;-1,2075472;-0,30261704;-0,6052341
822;306;19605;0;22106,656;-0,103225805;-0,30967742;0,05166945;0,09268333
820;304;19613;0;22108,406;-1,1428572;-1,1428572;-0,5940751;-0,47610274
819;301;19673;0;22109,875;-0,68085104;-2,0425532;0,31455737;-0,61255896
817;298;19737;0;22119,781;-0,20189275;-0,30283913;0,048349105;0,17561781
815;294;19857;0;22121,719;-1,032258;-2,064516;-0,42857563;-0,9092526
813;291;19993;0;22132,062;-0,19335347;-0,2900302;0,08110256;0,1715515
811;287;20117;0;22133,719;-1,2075472;-2,4150944;-0,61234343;-1,2830576
809;283;20117;0;22135,219;-1,3333334;-2,6666667;-0,083857454;-0,16771491
806;279;20117;0;22145,125;-0,30283913;-0,4037855;0,104024656;0,22842966
804;275;20113;0;22146,688;-1,28;-2,56;-0,6253829;-1,3799772
801;272;20041;0;22156,469;-0,30670926;-0,30670926;0,09950576;0,23036838
799;268;19577;0;22157,719;-1,6;-3,2;-1,0346326;-2,3146327
796;265;18309;0;22168,188;-0,28656715;-0,28656715;0,12546225;0,27829805
794;262;16609;0;22169,625;-1,3913044;-2,0869565;-0,7685129;-1,2524447
792;261;14177;0;22170,781;-1,7297298;-0,8648649;-0,29269224;1,0569441
790;260;9368;0;22183,844;-0,15311004;-0,07655502;0,12069816;0,06034908
789;260;1840;0;22185,281;-0,6956522;0;-0,37742063;0,053255666
789;260;0;0;22187,469;0;0;0,31801242;0
787;261;0;20;22188,656;-1,6842105;0,84210527;-1,4182825;0,70914125
786;263;0;64;22189,75;-0,9142857;1,8285714;0,7039313;0,9019119
785;266;0;108;22199,469;-0,10289389;0,30868167;0,083487265;-0,15638737
785;270;0;152;22200,719;0;3,2;0,08231511;2,3130546
785;274;0;176;22203,656;0;1,3617021;0;-0,6258036
786;278;0;220;22210,125;0,15458937;0,6183575;0,023897873;-0,11491317
788;282;0;240;22214,125;0,5;1;0,08635266;0,09541063
790;286;0;264;22221,062;0,2882883;0,5765766;-0,030517003;-0,061034005
793;290;0;264;22223,594;1,1851852;1,5802469;0,35432965;0,39651173
796;294;0;240;22230,094;0,46153846;0,61538464;-0,11133027;-0,14844035
800;298;0;176;22233,75;1,0940171;1,0940171;0,17298563;0,13090804
805;301;0;108;22239,781;0,82901555;0,4974093;-0,04393809;-0,09891943
810;305;0;44;22243,594;1,3114754;1,0491803;0,12654684;0,1447268
815;308;0;0;22249,844;0,8;0,48;-0,08183606;-0,09106884
815;308;0;0;22253,812;0;0;-0,2015748;-0,12094488
821;313;0;0;22259,875;0,9896907;0,82474226;0,16324796;0,13603996
824;315;13997;0;22263,688;0,78688526;0,52459013;-0,053194873;-0,07872842
824;315;15937;0;22273,281;0;0;-0,08202061;-0,054680403
830;317;16229;0;22274,531;4,8;1,6;3,8400002;1,28
834;318;16229;0;22283,906;0,42666668;0,10666667;-0,4664889;-0,15928888
837;318;16133;0;22285,25;2,2325583;0;1,3439193;-0,07937985
841;319;16133;0;22293;0,516129;0,12903225;-0,22147474;0,016649323
845;319;16185;0;22294,219;3,2820513;0;2,2694747;-0,105872616
849;320;16253;0;22301,156;0,5765766;0,14414415;-0,38997835;0,020777535
854;321;16553;0;22308,75;0,65843624;0,13168724;0,010779872;-0,001640416
858;322;16913;0;22309,812;3,764706;0,9411765;2,9235477;0,76187223
863;322;17261;0;22316,406;0,75829387;0;-0,45594874;-0,14273767
867;323;17733;0;22323,219;0,58715594;0,14678898;-0,025121164;0,021547006
871;323;18141;0;22324,219;4;0;3,4128442;-0,14678898
875;323;18549;0;22331,031;0,58715594;0;-0,500968;0
879;324;18869;0;22337,969;0,5765766;0,14414415;-0,001524951;0,020777535
882;324;19137;0;22344,625;0,45070422;0;-0,018910404;-0,021655459
885;324;19373;0;22345,812;2,5263157;0;1,7478834;0
887;323;19509;0;22352,594;0,29493088;-0,14746544;-0,32905212;-0,021746056
889;323;19517;0;22353,5;2,2068965;0;2,109755;0,16272049
891;322;19521;0;22360,094;0,30331755;-0,15165877;-0,28869444;-0,023000382
892;322;19569;0;22366,906;0,14678898;0;-0,02297667;0,022261837
893;321;19641;0;22373,656;0,14814815;-0,14814815;0,00020135773;-0,021947874
893;321;19753;0;22374,688;0;0;-0,14365882;0,14365882
893;320;19901;0;22381,625;0;-0,14414415;0;-0,020777535
893;319;19973;0;22388,375;0;-0,14814815;0;-0,0005931854
893;318;20045;0;22389,656;0;-0,7804878;0;-0,49353334
893;316;20205;0;22396,844;0;-0,27826086;0;0,069875054
892;314;20329;0;22403,562;-0,14883721;-0,29767442;-0,022152515;-0,0028894602
891;311;20329;0;22404,375;-1,2307693;-3,6923077;-1,3316087;-4,17801
889;308;20157;0;22410,906;-0,30622008;-0,45933014;0,14155778;0,49500135
887;305;19509;0;22417,75;-0,29223743;-0,43835616;0,0020431275;0,003064691
884;302;18485;0;22424,875;-0,42105263;-0,42105263;-0,018079327;0,0024285652
880;299;17349;0;22425,812;-4,266667;-3,2;-4,1019883;-2,9642105
875;296;15933;0;22432,656;-0,7305936;-0,43835616;0,5166865;0,4035279
871;292;13725;0;22433,594;-4,266667;-4,266667;-3,7718115;-4,0835314
865;289;9560;0;22440,156;-0,9142857;-0,45714286;0,51083905;0,58049893
861;286;4356;0;22447,719;-0,5289256;-0,3966942;0,05095671;0,007993209
861;286;0;0;22448,719;0;0;0,5289256;0,3966942
853;282;0;0;22449,438;-11,130435;-5,5652175;-15,485823;-7,7429113
848;280;0;20;22455,75;-0,7920792;-0,31683168;1,6377593;0,83142745
843;278;0;44;22459,531;-1,322314;-0,5289256;-0,14022739;-0,056090955
837;276;0;108;22463,812;-1,4014598;-0,46715328;-0,018486608;0,01442857
831;274;0;152;22470,031;-0,96482414;-0,32160804;0,070212774;0,023404261
826;273;0;196;22473,844;-1,3114754;-0,26229507;-0,09092492;0,0155575005
822;272;0;196;22479,844;-0,6666667;-0,16666667;0,10746812;0,015938066
819;272;0;196;22483,719;-0,7741935;0;-0,027748862;0,043010753
817;272;0;152;22489,75;-0,3316062;0;0,073382355;0
816;271;0;108;22493,75;-0,25;-0,25;0,020401552;-0,0625
816;271;0;64;22499,875;0;0;0,040816326;0,040816326
816;271;0;20;22503,75;0;0;0;0
816;272;0;0;22509,938;0;0,16161616;0;0,026119784
816;272;0;0;22513,812;0;0;0;-0,041707397
817;272;1344;0;22520,25;0,1553398;0;0,024130456;0
817;272;16681;0;22529,906;0;0;-0,01608697;0
817;272;19105;0;22531,5;0;0;0;0
817;272;19105;0;22541,281;0;0;0;0
817;272;18945;0;22542,812;0;0;0;0
822;275;18725;0;22544,062;4;2,4;3,2;1,9200001
825;276;18609;0;22554,531;0,28656715;0,09552239;-0,35471597;-0,2201292
828;277;18609;0;22555,781;2,4;0,8;1,6907463;0,56358206
832;279;18869;0;22564,719;0,44755244;0,22377622;-0,21845569;-0,06447259
835;280;19165;0;22566;2,3414633;0,7804878;1,4781743;0,43450657
839;281;19481;0;22575,219;0,4338983;0,108474575;-0,20692231;-0,07289635
843;282;19801;0;22576,438;3,2820513;0,82051283;2,3369462;0,58423656
848;283;20045;0;22577,562;4,4444447;0,8888889;1,0332385;0,060778722
852;284;20217;0;22587,688;0,39506173;0,09876543;-0,3999391;-0,07803688
857;285;20353;0;22589,031;3,7209303;0,74418604;2,475065;0,480313
861;286;20437;0;22601,781;0,3137255;0,078431375;-0,26723176;-0,052216053
865;286;20473;0;22603,062;3,121951;0;2,1917858;-0,06121473
869;287;20473;0;22604,312;3,2;0,8;0,062439155;0,64
872;287;20401;0;22613,688;0,32;0;-0,3072;-0,08533333
875;287;20341;0;22615,281;1,882353;0;0,98029983;0
878;287;20277;0;22624,406;0,32876712;0;-0,17025597;0
880;286;19849;0;22625,562;1,7297298;-0,8648649;1,2116433;-0,74799126
882;286;19337;0;22635,062;0,21052632;0;-0,15991615;0,091038406
882;286;18621;0;22636,312;0;0;-0,16842106;0
883;285;17669;0;22643,188;0,14545454;-0,14545454;0,021157024;-0,021157024
883;283;16441;0;22644,25;0;-1,882353;-0,1368984;-1,634728
882;282;14917;0;22651,531;-0,13733906;-0,13733906;-0,018862016;0,23965856
881;279;13609;0;22658,281;-0,14814815;-0,44444445;-0,0016013472;-0,045497093
878;277;11717;0;22659,25;-3,096774;-2,064516;-3,043743;-1,672332
876;275;6688;0;22666,5;-0,27586207;-0,27586207;0,3890913;0,2467109
876;275;0;0;22667,625;0;0;0,24521072;0,24521072
870;271;0;0;22668,5;-6,857143;-4,571429;-7,836735;-5,22449
866;269;0;20;22675,469;-0,57399106;-0,28699553;0,9016182;0,6148066
860;265;0;68;22677,5;-2,9538462;-1,9692308;-1,171621;-0,82817733
853;262;0;156;22684,188;-1,046729;-0,44859812;0,2851764;0,22738431
845;259;0;248;22687,375;-2,509804;-0,9411765;-0,45900393;-0,15453438
838;255;0;341;22694;-1,0566038;-0,6037736;0,21935098;0,050928738
831;252;0;453;22698,062;-1,7230769;-0,73846155;-0,16405493;-0,03315396
824;249;0;521;22703,906;-1,197861;-0,51336896;0,08987653;0,03851852
818;247;0;545;22707,406;-1,7142857;-0,5714286;-0,14754994;-0,016588466
814;244;0;565;22713,625;-0,6432161;-0,48241207;0,17223231;0,014314216
811;243;0;521;22717,375;-0,8;-0,26666668;-0,04180905;0,057532106
809;242;0;477;22724,125;-0,2962963;-0,14814815;0,07462277;0,0175583
808;241;0;409;22727,688;-0,28070176;-0,28070176;0,0043774154;-0,037208032
808;240;0;316;22733,812;0;-0,1632653;0,045828857;0,019173298
808;240;0;204;22737,75;0;0;0;0,041464202
807;239;0;88;22743,844;-0,16410257;-0,16410257;-0,026929652;-0,026929652
808;238;0;0;22747,656;0,26229507;-0,26229507;0,111842;-0,02575541
808;238;0;0;22754,125;0;0;-0,04054803;0,04054803
808;238;0;0;22757,969;0;0;0;0
808;237;21485;0;22763,938;0;-0,16753927;0;-0,028069407
808;237;23618;0;22773,219;0;0;0;0,01805137
808;237;23618;0;22774,625;0;0;0;0
808;237;22554;0;22784,281;0;0;0;0
808;237;21898;0;22785,906;0;0;0;0
808;232;21593;0;22795,594;0;-0,516129;0;-0,053277835
809;229;21497;0;22797,656;0,4848485;-1,4545455;0,23507807;-0,45498982
809;227;21497;0;22798,969;0;-1,5238096;-0,36940837;-0,05277261
810;224;21509;0;22808,312;0,10702341;-0,32107022;0,01145401;0,12872127
811;221;21605;0;22809,75;0,6956522;-2,0869565;0,40948087;-1,2284427
811;218;21789;0;22819,5;0;-0,30769232;-0,07134894;0,18248864
811;214;22046;0;22821,031;0;-2,6122448;0;-1,505014
811;210;22518;0;22830,719;0;-0,41290322;0;0,2270288
812;206;22990;0;22832,062;0,74418604;-2,9767442;0,55381286;-1,9079746
812;202;23278;0;22842,5;0;-0,38323355;-0,07129926;0,24848007
812;197;23438;0;22844;0;-3,3333333;0;-1,9667331
812;193;23558;0;22845,594;0;-2,509804;0;0,5167242
812;188;23618;0;22852,844;0;-0,6896552;0;0,251055
812;184;23714;0;22854,031;0;-3,368421;0;-2,2558029
811;180;23798;0;22860,812;-0,14746544;-0,58986175;-0,021746056;0,40974146
811;176;23798;0;22867,75;0;-0,5765766;0,02125628;0,001914978
810;172;23738;0;22868,844;-0,9142857;-3,6571429;-0,83591837;-2,8165178
809;168;23582;0;22875,594;-0,14814815;-0,5925926;0,11350187;0,45400748
809;165;23438;0;22882,781;0;-0,4173913;0,020611916;0,024375832
808;162;23122;0;22883,875;-0,9142857;-2,7428572;-0,83591837;-2,1261404
808;159;22578;0;22891,031;0;-0,41921398;0,12776046;0,32470122
807;158;21717;0;22898,438;-0,13502109;-0,13502109;-0,018230695;0,038372036
807;157;20317;0;22899,406;0;-1,032258;0,13937661;-0,92618006
807;156;18513;0;22906,75;0;-0,13617021;0;0,12202047
807;157;16389;0;22908;0;0,8;0;0,7489362
807;158;14309;0;22915,406;0;0,13502109;0;-0,08978619
806;162;10000;0;22922,25;-0,14611872;0,58447486;-0,02135068;0,06567361
806;165;3724;0;22929,406;0;0,41921398;0,020418337;-0,023093224
806;165;0;0;22930,688;0;0;0;-0,3271914
805;173;0;0;22931,562;-1,1428572;9,142858;-1,3061225;10,44898
805;177;0;40;22938,281;0;0,59534883;0,17009968;-1,2721872
804;182;0;64;22939,281;-1;5;-1;4,404651
803;188;0;84;22944;-0,21192053;1,2715232;0,16701022;-0,79014075
803;194;0;108;22947,688;0;1,6271186;0,057469975;0,09643263
802;200;0;128;22954,125;-0,1553398;0,93203884;-0,024130456;-0,10797355
802;205;0;148;22957,688;0;1,4035088;0,043604158;0,13234244
802;209;0;172;22964,094;0;0,62439024;0;-0,1216185
803;213;0;172;22967,75;0,2735043;1,0940171;0,07480459;0,12844497
803;216;0;172;22973,969;0;0,48241207;-0,043980587;-0,09834855
805;219;0;148;22977,844;0,516129;0,7741935;0,13319458;0,07529844
807;222;0;128;22984,031;0,32323232;0,4848485;-0,031175224;-0,04676283
809;224;0;64;22987,656;0,55172414;0,55172414;0,063032225;0,018448452
811;226;0;20;22993,906;0,32;0,32;-0,037075862;-0,037075862
812;227;0;0;22997,719;0,26229507;0,26229507;-0,0151357185;-0,0151357185
813;229;0;0;23003,969;0,16;0,32;-0,016367212;0,009232788
813;229;11057;0;23007,688;0;0;-0,04302521;-0,08605042
813;229;17125;0;23017,25;0;0;0;0
813;229;17893;0;23018,719;0;0;0;0
813;229;17893;0;23028,281;0;0;0;0
813;229;17545;0;23029,781;0;0;0;0
813;229;17361;0;23039,125;0;0;0;0
813;229;17357;0;23040,594;0;0;0;0
819;234;17357;0;23051,625;0,5439094;0,4532578;0,049306232;0,041088525
821;235;17369;0;23053,219;1,254902;0,627451;0,44611302;0,10929769
824;236;17693;0;23054,406;2,5263157;0,84210527;1,0706642;0,18076149
827;237;18089;0;23065,312;0,27507162;0,09169055;-0,2064178;-0,06880593
830;239;18545;0;23068,531;0,93203884;0,6213592;0,20410632;0,16455726
834;240;18961;0;23069,906;2,909091;0,72727275;1,4378562;0,077028014
838;242;19305;0;23080,625;0,37317786;0,18658893;-0,23658666;-0,050442804
842;244;19701;0;23082;2,909091;1,4545455;1,8443005;0,92215025
847;245;20041;0;23091,562;0,52287585;0,104575165;-0,24953884;-0,14117336
852;247;20361;0;23093,094;3,2653062;1,3061224;1,790975;0,78468394
857;249;20569;0;23094,438;3,7209303;1,4883721;0,3390691;0,13562766
862;250;20737;0;23104,094;0,5177994;0,103559874;-0,33171582;-0,14341098
867;251;20737;0;23105,406;3,8095238;0,7619048;2,5079806;0,50159615
872;252;20737;0;23115,938;0,47477746;0,09495549;-0,31665248;-0,063330494
876;252;20689;0;23117,25;3,047619;0;1,9602603;-0,07234704
880;252;20685;0;23118,344;3,6571429;0;0,5572789;0
883;251;20673;0;23127,562;0,32542372;-0,108474575;-0,36140683;-0,011766734
885;251;20613;0;23129,281;1,1636363;0;0,48768735;0,06311248
887;250;20605;0;23139,312;0,19937694;-0,09968847;-0,09612554;-0,009937791
889;249;20553;0;23140,5;1,6842105;-0,84210527;1,2503862;-0,6251931
890;248;20553;0;23151,031;0,09495549;-0,09495549;-0,1509085;0,07094597
891;246;20749;0;23152,375;0,74418604;-1,4883721;0,4831483;-1,0369612
891;244;21005;0;23153,688;0;-1,5238096;-0,5669989;-0,026999973
891;242;21333;0;23163,625;0;-0,20125785;0;0,13308696
891;239;21649;0;23165,156;0;-1,9591837;0;-1,1480333
890;235;21978;0;23174,031;-0,112676054;-0,45070422;-0,012695894;0,16996951
889;231;22174;0;23175,344;-0,7619048;-3,047619;-0,49465042;-1,9786017
887;227;22306;0;23185,969;-0,1882353;-0,3764706;0,053992424;0,25140223
885;223;22378;0;23187,281;-1,5238096;-3,047619;-1,0175804;-2,0351608
883;218;22390;0;23188,469;-1,6842105;-4,2105265;-0,13507451;-0,9792904
880;213;22398;0;23199,531;-0,27118644;-0,4519774;0,127731;0,33975583
877;208;22406;0;23200,719;-2,5263157;-4,2105265;-1,8990563;-3,165094
874;203;22494;0;23210,406;-0,30967742;-0,516129;0,22881427;0,38135716
871;198;22502;0;23213,969;-0,84210527;-1,4035088;-0,14945343;-0,24908906
868;193;22502;0;23217,312;-0,89719623;-1,4953271;-0,016475802;-0,027459688
865;188;22454;0;23218,25;-3,2;-5,3333335;-2,456324;-4,0938735
863;184;22342;0;23225,094;-0,29223743;-0,58447486;0,42487854;0,6938971
860;180;22014;0;23231,844;-0,44444445;-0,5925926;-0,022549188;-0,0012026274
858;176;21493;0;23239,031;-0,27826086;-0,5565217;0,023121195;0,005018558
856;173;20665;0;23239,906;-2,2857144;-3,4285715;-2,2942326;-3,2823427
854;171;19637;0;23247;-0,2819383;-0,2819383;0,28247064;0,44357824
853;170;18297;0;23248,031;-0,969697;-0,969697;-0,6669175;-0,6669175
851;169;16397;0;23254,75;-0,29767442;-0,14883721;0,100021966;0,12217448
850;169;13845;0;23262,188;-0,13445379;0;0,021945631;0,020011725
849;170;9260;0;23263,938;-0,5714286;0,5714286;-0,2496999;0,32653064
848;171;1944;0;23264,906;-1,032258;1,032258;-0,4756949;0,4756949
848;171;0;0;23271,594;0;0;0,15435635;-0,15435635
845;174;0;44;23273,656;-1,4545455;1,4545455;-0,70523417;0,70523417
843;177;0;112;23277,656;-0,5;0,75;0,23863637;-0,17613637
840;179;0;180;23281,625;-0,7559055;0,503937;-0,064480126;-0,062000126
837;182;0;248;23288,094;-0,46376812;0,46376812;0,045161333;-0,006209682
834;185;0;316;23291,844;-0,8;0,8;-0,08966184;0,08966184
830;188;0;385;23298,281;-0,6213592;0,46601942;0,027750025;-0,05188048
827;190;0;429;23301,625;-0,89719623;0,5981308;-0,08249331;0,039509952
825;192;0;477;23308,031;-0,31219512;0,31219512;0,091317244;-0,044633865
823;194;0;497;23312,031;-0,5;0,5;-0,04695122;0,04695122
821;195;0;521;23318;-0,33507854;0,16753927;0,02763082;-0,055700228
820;196;0;497;23321,844;-0,2601626;0,2601626;0,019490328;0,024097124
820;196;0;453;23327,75;0;0;0,044048693;-0,044048693
819;197;0;409;23332;-0,23529412;0,23529412;-0,055363324;0,055363324
819;198;0;341;23338;0;0,16666667;0,039215688;-0,011437908
819;199;0;248;23343,094;0;0,19631901;0;0,005821319
820;199;0;136;23348,312;0,19161677;0;0,036716986;-0,037618015
821;200;0;44;23351,688;0,2962963;0,2962963;0,031016156;0,087791495
821;200;0;0;23358,219;0;0;-0,04536594;-0,04536594
822;201;0;0;23361,75;0,28318584;0,28318584;0,08019422;0,08019422
823;201;20541;0;23368,219;0,15458937;0;-0,019879647;-0,04377752
823;201;23130;0;23377,688;0;0;-0,016326271;0
823;201;23130;0;23379,469;0;0;0;0
823;201;22838;0;23389,312;0;0;0;0
823;201;21978;0;23390,969;0;0;0;0
823;201;21201;0;23392,406;0;0;0;0
823;201;20969;0;23402,469;0;0;0;0
828;204;20969;0;23403,969;3,3333333;2;2,222222;1,3333334
831;206;20973;0;23413,875;0,30283913;0,20189275;-0,30591738;-0,1815124
835;207;21145;0;23415,281;2,8444445;0,7111111;1,8073639;0,36211085
838;209;21473;0;23426,031;0,27906978;0,18604651;-0,23863952;-0,048843216
842;211;21958;0;23427,562;2,6122448;1,3061224;1,5237062;0,73147815
846;212;22274;0;23430,844;1,2190477;0,30476192;-0,42459342;-0,30517656
850;214;22394;0;23432,156;3,047619;1,5238096;1,3931973;0,9287982
854;215;22398;0;23441,469;0,4295302;0,10738255;-0,28113708;-0,15209955
858;216;22438;0;23442,812;2,9767442;0,74418604;1,8956012;0,4739003
861;216;22438;0;23452,969;0,29538462;0;-0,2640108;-0,0732737
864;217;22390;0;23454,625;1,8113208;0,6037736;0,9152822;0,36454254
866;217;22198;0;23465,406;0,18550725;0;-0,1508001;-0,05600219
868;216;21565;0;23466,594;1,6842105;-0,84210527;1,2620659;-0,70914125
868;215;20605;0;23467,531;0;-1,0666667;-1,7964913;-0,23953222
868;214;19173;0;23474,062;0;-0,15311004;0;0,13987471
861;203;14633;0;23496,156;-0,31683168;-0,49787837;-0,014340331;-0,01560479
857;200;12033;0;23502,625;-0,6183575;-0,46376812;-0,046612684;0,005273082
854;197;7236;0;23503,875;-2,4;-2,4;-1,4253142;-1,5489856
850;194;956;0;23505,219;-2,9767442;-2,2325583;-0,4292049;0,12460788
850;194;0;0;23512,781;0;0;0,39361906;0,29521433
843;189;0;20;23514,031;-5,6;-4;-4,48;-3,2
837;186;0;88;23517,594;-1,6842105;-0,84210527;1,0991689;0,88642657
831;183;0;108;23521,5;-1,536;-0,768;0,037941895;0,018970948
825;180;0;108;23527,656;-0,97461927;-0,48730963;0,09118875;0,045594376
820;177;0;88;23531,406;-1,3333334;-0,8;-0,095657095;-0,083384104
816;176;0;20;23537,531;-0,6530612;-0,1632653;0,111064844;0,10395669
813;174;0;0;23541,406;-0,7741935;-0,516129;-0,03125995;-0,09106161
813;174;0;0;23548,031;0;0;0,1168594;0,077906266
807;173;0;0;23551,688;-1,6410257;-0,2735043;-0,44882753;-0,07480459
806;173;15233;0;23557,875;-0,16161616;0;0,23909648;0,04420271
806;173;18281;0;23564,938;0;0;0,022883704;0
806;173;19757;0;23572,094;0;0;0;0
806;173;20417;0;23573,125;0;0;0;0
806;173;20981;0;23579,875;0;0;0;0
806;173;20981;0;23586,844;0;0;0;0
806;173;20373;0;23587,969;0;0;0;0
809;178;20221;0;23595,469;0,4;0,6666667;0,053333335;0,08888889
813;180;20221;0;23601,781;0,63366336;0,31683168;0,037015975;-0,055419408
817;182;20405;0;23602,938;3,4594595;1,7297298;2,4439318;1,2219659
822;185;20649;0;23609,062;0,81632656;0,48979592;-0,4315319;-0,20243818
827;187;20989;0;23616,281;0,6926407;0,27705628;-0,017133968;-0,029470427
832;189;21233;0;23623,688;0,6751055;0,27004218;-0,0023676232;-0,0009470509
837;191;21381;0;23624,594;5,5172415;2,2068965;5,3430467;2,1372187
843;193;21477;0;23631,25;0,90140843;0,3004695;-0,6934585;-0,28641158
848;194;21525;0;23632,281;4,848485;0,969697;3,8274682;0,64894783
854;195;21525;0;23639,094;0,88073397;0,14678898;-0,5824222;-0,12079384
859;196;21525;0;23646,062;0,71748877;0,14349777;-0,02342532;-0,0004722826
863;196;21521;0;23652,656;0,6066351;0;-0,016811932;-0,021762693
867;196;21517;0;23653,75;3,6571429;0;2,7890358;0
870;196;21445;0;23660,469;0,44651163;0;-0,4778614;0
873;195;21333;0;23661,562;2,7428572;-0,9142857;2,0995162;-0,83591837
874;194;20909;0;23668,719;0,139738;-0,139738;-0,36375463;0,10823374
875;192;20285;0;23675,531;0,14678898;-0,29357797;0,0010350079;-0,022582015
875;190;19577;0;23682,656;0;-0,28070176;-0,020601964;0,0018071877
874;187;18805;0;23683,562;-1,1034483;-3,310345;-1,2175981;-3,3430543
872;184;18361;0;23690,188;-0,3018868;-0,4528302;0,12099041;0,431323
869;180;17901;0;23697,344;-0,41921398;-0,558952;-0,016395064;-0,014829244
865;175;16985;0;23698,219;-4,571429;-5,714286;-4,7453885;-5,8918104
860;169;14861;0;23704,875;-0,75117373;-0,90140843;0,57393503;0,72306144
856;165;10384;0;23711,906;-0,5688889;-0,5688889;0,025924955;0,047291666
851;160;2968;0;23713;-4,571429;-4,571429;-3,6594648;-3,6594648
851;160;0;0;23713,812;0;0;5,626374;5,626374
841;152;0;44;23720,344;-1,5311005;-1,2248803;-0,23442687;-0,18754148
832;145;0;152;23721,406;-8,470589;-6,5882354;-6,5312834;-5,0478635
823;138;0;196;23727,531;-1,4693878;-1,1428572;1,1430532;0,88904136
813;131;0;264;23731,625;-2,442748;-1,7099236;-0,2377674;-0,13852005
804;125;0;288;23737,531;-1,5238096;-1,0158731;0,15558748;0,117511205
795;118;0;264;23741,375;-2,3414633;-1,8211383;-0,21272293;-0,20949988
787;112;0;288;23747,625;-1,28;-0,96;0,16983414;0,13778213
779;106;0;308;23751,406;-2,1157024;-1,5867769;-0,2210122;-0,16575918
772;101;0;353;23757,5;-1,148718;-0,82051283;0,15868461;0,12574589
767;96;0;308;23761,781;-1,1678832;-1,1678832;-0,0044765333;-0,0811376
762;92;0;240;23767,781;-0,8333333;-0,6666667;0,05575831;0,08353608
758;87;0;152;23771,656;-1,032258;-1,2903225;-0,051335413;-0,16094345
755;84;0;20;23777,75;-0,4923077;-0,4923077;0,08860724;0,13095629
753;82;0;0;23781,438;-0,5423729;-0,5423729;-0,013577;-0,013577
750;81;0;0;23787,625;-0,4848485;-0,16161616;0,00929687;0,061536442
748;80;18953;0;23791,5;-0,516129;-0,2580645;-0,008072392;-0,024889896
748;80;21801;0;23798,312;0;0;0,075762056;0,037881028
748;80;22906;0;23805,344;0;0;0;0
748;80;22906;0;23813,031;0;0;0;0
748;80;22482;0;23814;0;0;0;0
748;80;21121;0;23820,906;0;0;0;0
752;79;20913;0;23822,188;3,121951;-0,7804878;2,4366448;-0,6091612
756;80;20913;0;23829,469;0,5493562;0,13733906;-0,35331774;0,12605347
761;81;21193;0;23836,094;0,754717;0,1509434;0,030997852;0,0020534857
766;83;21437;0;23843;0,7239819;0,28959277;-0,0044503277;0,020075928
771;85;21777;0;23843,969;5,16129;2,064516;4,580447;1,832179
777;88;22322;0;23850,688;0,89302325;0,44651163;-0,6352769;-0,24081926
783;91;23002;0;23857,625;0,8648649;0,43243244;-0,0040588635;-0,0020294318
790;94;23558;0;23858,75;6,2222223;2,6666667;4,7620955;1,9859861
797;97;24210;0;23865,312;1,0666667;0,45714286;-0,7856085;-0,33668935
805;100;24874;0;23872,219;1,1583711;0,43438914;0,013278461;-0,0032946556
813;103;25462;0;23873,062;9,481482;3,5555556;9,864428;3,6991603
821;106;25786;0;23880,438;1,0847458;0,40677965;-1,1385405;-0,4269527
829;110;25934;0;23881,531;7,3142858;3,6571429;5,6955795;2,9717607
838;113;25990;0;23888,062;1,3779905;0,45933014;-0,90890646;-0,48961726
846;116;25990;0;23894,781;1,1906977;0,44651163;-0,02787614;-0,001907872
855;119;25982;0;23902,031;1,2413793;0,41379312;0,006990564;-0,0045128977
863;121;25978;0;23902,969;8,533334;2,1333334;7,7780848;1,8341764
872;124;25846;0;23909,906;1,2972972;0,43243244;-1,0430323;-0,24517493
879;127;25390;0;23916,938;0,9955556;0,42666668;-0,04291437;-0,00082002004
887;129;24850;0;23917,969;7,757576;1,939394;6,557111;1,466887
893;132;24030;0;23924,344;0,9411765;0,47058824;-1,0692391;-0,2304009
899;135;23182;0;23930,969;0,9056604;0,4528302;-0,005360918;-0,002680459
905;137;22030;0;23931,969;6;2;5,0943394;1,5471698
909;140;20621;0;23938,406;0,6213592;0,46601942;-0,835517;-0,23828825
913;143;18365;0;23945,125;0,59534883;0,44651163;-0,0038713145;-0,002903486
915;146;15669;0;23951,656;0,30622008;0,45933014;-0,04426852;0,0019626436
916;148;11757;0;23952,656;1;2;0,69377995;1,5406699
917;150;6560;0;23959,031;0,15686275;0,3137255;-0,13225682;-0,26451364
917;150;0;0;23960,031;0;0;-0,15686275;-0,3137255
915;154;0;0;23966,719;-0,2990654;0,5981308;-0,04472006;0,08944012
912;156;0;44;23967,719;-3;2;-2,7009346;1,4018692
908;158;0;136;23971,469;-1,0666667;0,53333336;0,51555556;-0,3911111
903;161;0;224;23977,656;-0,8080808;0,4848485;0,041791666;-0,007835938
897;164;0;341;23981,469;-1,5737705;0,78688526;-0,20083664;0,07922275
891;168;0;477;23987,719;-0,96;0,64;0,09820329;-0,023501644
884;172;0;565;23991,719;-1,75;1;-0,1975;0,09
878;176;0;657;23995,656;-1,5238096;1,0158731;0,057445195;0,0040312572
872;181;0;726;24002,188;-0,9186603;0,76555026;0,09265444;-0,038326938
867;187;0;770;24005,625;-1,4545455;1,7454545;-0,15589388;0,28506306
863;192;0;794;24011,781;-0,6497462;0,8121827;0,13072883;-0,15159746
859;198;0;818;24015,75;-1,007874;1,511811;-0,09023693;0,1762843
856;204;0;818;24021,656;-0,50793654;1,0158731;0,084645495;-0,08396833
854;209;0;838;24025,688;-0,49612403;1,2403101;0,0029302347;0,055674296
852;214;0;838;24031,938;-0,32;0,8;0,028179847;-0,07044961
850;219;0;818;24035,688;-0,53333336;1,3333334;-0,056888897;0,14222223
849;223;0;818;24041,875;-0,16161616;0,64646465;0,06007551;-0,11100908
848;227;0;818;24045,781;-0,256;1,024;-0,024162266;0,096649066
846;231;0;794;24051,75;-0,33507854;0,6701571;-0,013248758;-0,059282593
845;235;0;770;24057,062;-0,1882353;0,7529412;0,02764108;0,015582892
843;238;0;770;24061,812;-0,42105263;0,6315789;-0,049014177;-0,025549952
842;242;0;750;24066,188;-0,22857143;0,9142857;0,043995705;0,0646187
840;245;0;726;24071,719;-0,36158192;0,5423729;-0,024047095;-0,06723848
838;249;0;726;24076,062;-0,46043167;0,92086333;-0,022756776;0,08713449
836;253;0;726;24081,781;-0,34972677;0,69945353;0,019358234;-0,03871647
834;257;0;726;24085,688;-0,512;1,024;-0,041541953;0,083083905
833;261;0;726;24092,281;-0,15165877;0,6066351;0,05464891;-0,063297056
831;265;0;726;24095,844;-0,5614035;1,122807;-0,115016066;0,14489037
830;269;0;726;24102,156;-0,15841584;0,63366336;0,06383963;-0,07748811
830;272;0;702;24105,812;0;0,82051283;0,04332741;0,05110413
830;276;0;702;24112,438;0;0,6037736;0;-0,032715358
830;280;0;682;24115,562;0;1,28;0;0,21639244
830;283;0;657;24121,75;0;0,4848485;0;-0,12850933
831;285;0;613;24126,219;0,22377622;0,44755244;0,0500758;-0,008345971
832;287;0;565;24131,812;0,17877094;0,3575419;-0,008045636;-0,016091272
834;288;0;497;24136,219;0,4539007;0,22695035;0,06244079;-0,029637797
835;289;0;409;24141,969;0,17391305;0,17391305;-0,0486935;-0,009223878
836;290;0;316;24145,812;0,2601626;0,2601626;0,022438906;0,022438906
837;291;0;224;24151,906;0,16410257;0,16410257;-0,015763696;-0,015763696
839;291;0;136;24155,719;0,52459013;0;0,09455412;-0,043043297
840;292;0;44;24161,906;0,16161616;0,16161616;-0,058662463;0,026119784
841;292;0;0;24165,75;0,2601626;0;0,025638096;-0,04204648
841;291;0;0;24171,969;0;-0,16080402;-0,04183519;-0,025857933
840;290;17821;0;24175,812;-0,2601626;-0,2601626;-0,067684576;-0,025849385
840;290;19653;0;24184,938;0;0;0,02851097;0,02851097
838;286;19653;0;24186,156;-1,6410257;-3,2820513;-1,3464826;-2,6929653
837;283;19593;0;24195,344;-0,108843535;-0,3265306;0,16676812;0,3216893
836;279;19165;0;24196,844;-0,6666667;-2,6666667;-0,3718821;-1,5600907
835;274;18941;0;24205,531;-0,11510792;-0,5755396;0,06348878;0,24070528
835;270;18897;0;24206,656;0;-3,5555556;0,102318145;-2,6489031
834;265;18897;0;24215,781;-0,10958904;-0,5479452;-0,012009758;0,32960114
834;260;19117;0;24217,125;0;-3,7209303;0,08155464;-2,3612912
834;254;19425;0;24226;0;-0,6760563;0;0,3430844
834;248;19841;0;24227,25;0;-4,8;0;-3,299155
834;241;20441;0;24236,531;0;-0,75420874;0;0,4359102
834;234;21037;0;24237,625;0;-6,4;0;-5,1618667
835;227;21681;0;24247;0,10666667;-0,74666667;0,011377778;0,6030223
835;218;22398;0;24248,344;0;-6,6976743;-0,07937985;-4,428657
835;209;22982;0;24257,281;0;-1,006993;0;0,6367196
834;199;23574;0;24258,312;-0,969697;-9,69697;-0,94031227;-8,426644
834;189;24094;0;24267,531;0;-1,0847458;0,10518747;0,93420744
833;178;24562;0;24268,875;-0,74418604;-8,186047;-0,55381286;-5,284689
832;167;24902;0;24277,969;-0,10996564;-1,209622;0,06974245;0,767167
830;156;25142;0;24279,719;-1,1428572;-6,285714;-0,5902237;-2,900624
828;143;25382;0;24288,75;-0,2214533;-1,4394463;0,10202396;0,53661096
827;131;25622;0;24290,125;-0,72727275;-8,727273;-0,3678687;-5,3002377
825;119;25962;0;24299,75;-0,20779221;-1,2467532;0,053972002;0,7771969
823;108;26358;0;24301,062;-1,5238096;-8,380953;-1,00268;-5,4355807
821;96;26802;0;24302,062;-2;-12;-0,47619045;-3,6190472
820;84;27138;0;24311,094;-0,11072665;-1,3287197;0,2091929;1,181595
818;73;27522;0;24312,781;-1,1851852;-6,5185184;-0,6367162;-3,0754364
817;62;27838;0;24321,688;-0,112280704;-1,2350878;0,12046646;0,59322727
816;52;28102;0;24322,906;-0,82051283;-8,205129;-0,5811135;-5,719008
816;43;28318;0;24332,219;0;-0,96644294;0,08810876;0,7773085
815;34;28378;0;24333,406;-0,84210527;-7,5789475;-0,70914125;-5,5684247
814;27;28594;0;24342,219;-0,11347517;-0,79432625;0,082681425;0,7698861
814;20;28646;0;24343,469;0;-5,6;0,09078014;-3,844539
814;14;28646;0;24352,656;0;-0,6530612;0;0,5384423
814;9;28466;0;24353,969;0;-3,8095238;0;-2,404924
814;6;28346;0;24363,125;0;-0,32764506;0;0,38027346
814;3;28202;0;24364,281;0;-2,5945945;0;-1,9606049
814;1;27950;0;24373,406;0;-0,21917808;0;0,2603196
814;1;27730;0;24374,719;0;0;0;0,16699283
815;0;27406;0;24375,656;1,0666667;-1,0666667;1,1377778;-1,1377778
815;0;26674;0;24384,375;0;0;-0,1223417;0,1223417
815;0;25470;0;24385,406;0;0;0;0
815;1;23382;0;24391,812;0;0,15609756;0;0,024366448
815;3;20397;0;24398,625;0;0,29357797;0;0,020180611
815;6;17505;0;24406,438;0;0,384;0;0,011574021
815;10;13109;0;24407,594;0;3,4594595;0;2,6598568
813;14;4244;0;24408,5;-2,2068965;4,413793;-2,4351962;1,0530577