x;y;pressure;z;time;velocityx;velocityy;accelx;accely
180;382;0;986;275625,4043;0;0;0;0
180;382;0;914;275631,3194;0;0;0;0
183;382;0;878;275635,3168;0;0;0;0
184;381;0;846;275641,3603;0;0;0;0
186;381;0;846;275645,3793;0;0;0;0
189;381;0;846;275651,3949;0;0;0;0
192;382;0;846;275655,444;0;0;0;0
193;382;0;846;275661,7287;0;0;0;0
195;383;0;878;275665,2883;0;0;0;0
196;386;0;914;275671,4449;0;0;0;0
198;391;0;950;275675,1698;0;0;0;0
200;395;0;986;275681,6339;0;0;0;0
201;400;0;986;275685,5439;0;0;0;0
201;405;0;1023;275691,5215;0;0;0;0
200;410;0;1023;275695,2297;0;0;0;0
200;415;0;1023;275701,5649;0;0;0;0
199;419;0;1023;275710,7527;0;0;0;0
200;424;0;1023;275711,8121;0;0;0;0
201;428;0;1023;275715,2267;0;0;0;0
201;432;0;1023;275721,6933;0;0;0;0
199;435;0;1023;275725,4217;0;0;0;0
198;438;0;1023;275731,7789;0;0;0;0
198;437;0;1023;275735,3542;0;0;0;0
198;436;0;1023;275741,4975;0;0;0;0
198;435;0;1023;275745,3801;0;0;0;0
197;434;0;986;275751,7178;0;0;0;0
197;435;0;986;275755,3967;0;0;0;0
195;435;0;950;275761,7799;0;0;0;0
193;436;0;914;275765,3709;0;0;0;0
192;438;0;878;275777,8791;0;0;0;0
190;439;0;846;275781,6419;0;0;0;0
188;439;0;810;275782,6596;0;0;0;0
187;438;0;774;275785,4045;0;0;0;0
185;436;0;738;275791,8024;0;0;0;0
184;434;0;702;275795,4124;0;0;0;0
184;431;0;669;275801,5872;0;0;0;0
183;429;0;597;275805,4389;0;0;0;0
183;426;0;561;275811,6958;0;0;0;0
183;423;0;525;275815,4469;0;0;0;0
184;422;0;493;275821,8224;0;0;0;0
185;420;0;457;275825,4299;0;0;0;0
188;418;0;385;275831,6117;0;0;0;0
190;417;0;349;275835,4953;0;0;0;0
192;416;0;316;275841,8705;0;0;0;0
193;414;0;280;275845,4524;0;0;0;0
195;413;0;280;275851,7936;0;0;0;0
197;412;0;280;275855,4233;0;0;0;0
198;412;0;280;275861,7534;0;0;0;0
199;411;0;280;275865,4344;0;0;0;0
200;411;0;316;275871,7205;0;0;0;0
201;411;0;316;275875,4262;0;0;0;0
202;411;0;349;275881,7156;0;0;0;0
203;411;0;385;275885,4852;0;0;0;0
203;411;0;421;275891,7599;0;0;0;0
204;412;0;457;275895,4656;0;0;0;0
204;413;0;493;275901,8158;0;0;0;0
205;414;0;525;275905,5108;0;0;0;0
206;415;0;561;275911,5097;0;0;0;0
206;416;0;597;275915,7144;0;0;0;0
207;418;0;633;275921,7917;0;0;0;0
208;419;0;633;275925,3397;0;0;0;0
209;421;0;633;275931,8978;0;0;0;0
209;423;0;669;275935,3906;0;0;0;0
210;425;0;669;275941,8195;0;0;0;0
211;426;0;669;275945,279;0;0;0;0
212;427;0;669;275951,6735;0;0;0;0
212;429;0;633;275955,4972;0;0;0;0
212;430;0;633;275961,4345;0;0;0;0
212;431;0;633;275965,7325;0;0;0;0
212;431;0;597;275971,5912;0;0;0;0
212;432;0;597;275975,6315;0;0;0;0
212;433;0;597;275981,7383;0;0;0;0
212;433;0;597;275985,3318;0;0;0;0
212;433;0;597;275991,8586;0;0;0;0
212;433;0;597;275995,48;0;0;0;0
211;433;0;597;276001,6941;0;0;0;0
210;433;0;633;276005,6845;0;0;0;0
209;434;0;633;276011,8433;0;0;0;0
208;434;0;669;276015,5878;0;0;0;0
207;435;0;669;276021,8935;0;0;0;0
207;435;0;669;276025,6082;0;0;0;0
207;435;0;702;276031,7834;0;0;0;0
207;435;0;702;276035,5431;0;0;0;0
207;436;0;702;276041,7569;0;0;0;0
206;436;0;738;276045,6202;0;0;0;0
206;436;0;738;276051,8016;0;0;0;0
206;436;0;738;276055,6676;0;0;0;0
206;436;0;738;276061,7087;0;0;0;0
205;436;0;738;276065,5399;0;0;0;0
205;435;0;738;276071,7261;0;0;0;0
205;435;0;738;276075,3292;0;0;0;0
205;435;0;738;276081,5246;0;0;0;0
205;434;0;738;276085,5419;0;0;0;0
205;434;0;738;276091,7132;0;0;0;0
205;434;0;774;276095,4274;0;0;0;0
205;433;0;774;276101,4121;0;0;0;0
205;433;0;810;276105,4417;0;0;0;0
206;432;0;810;276111,7206;0;0;0;0
206;432;0;846;276115,5949;0;0;0;0
206;432;0;878;276121,4811;0;0;0;0
207;431;0;914;276125,5805;0;0;0;0
207;431;0;950;276131,7349;0;0;0;0
207;431;0;986;276135,5137;0;0;0;0
208;431;0;1023;276139,4079;0;0;0;0
208;431;0;1023;276145,8023;0;0;0;0
208;431;0;1023;276149,4099;0;0;0;0
209;431;0;1023;276155,6844;0;0;0;0
209;431;0;1023;276159,4989;0;0;0;0
209;431;0;1023;276165,7469;0;0;0;0
210;431;0;1023;276169,1706;0;0;0;0
210;432;0;1023;276175,6696;0;0;0;0
210;432;0;1023;276179,3962;0;0;0;0
210;432;0;1023;276185,8673;0;0;0;0
211;433;0;1023;276189,2498;0;0;0;0
211;433;0;1023;276195,8289;0;0;0;0
211;434;0;1023;276199,7657;0;0;0;0
211;434;0;1023;276205,8043;0;0;0;0
212;435;0;1023;276209,5163;0;0;0;0
212;435;0;1023;276215,7438;0;0;0;0
212;436;0;1023;276219,5678;0;0;0;0
212;436;0;1023;276225,6853;0;0;0;0
213;436;0;1023;276229,3891;0;0;0;0
213;437;0;1023;276235,733;0;0;0;0
214;437;0;1023;276239,2823;0;0;0;0
214;437;0;1023;276245,3643;0;0;0;0
215;437;0;1023;276249,503;0;0;0;0
215;437;0;1023;276255,5204;0;0;0;0
216;437;0;1023;276259,3884;0;0;0;0
217;437;0;1023;276265,5217;0;0;0;0
218;437;0;1023;276269,4951;0;0;0;0
219;437;0;1023;276275,5774;0;0;0;0
220;437;0;1023;276279,4557;0;0;0;0
222;437;0;1023;276285,8343;0;0;0;0
222;436;0;1023;276289,3942;0;0;0;0
222;435;0;1023;276295,5447;0;0;0;0
223;434;0;1023;276299,4377;0;0;0;0
223;433;0;1023;276305,4806;0;0;0;0
224;432;0;1023;276309,4344;0;0;0;0
224;432;0;1023;276315,4452;0;0;0;0
225;432;0;1023;276319,2521;0;0;0;0
226;431;0;1023;276325,5333;0;0;0;0
227;431;0;1023;276329,4588;0;0;0;0
227;431;0;1023;276335,2646;0;0;0;0
228;430;0;1023;276339,4457;0;0;0;0
228;429;0;1023;276345,4407;0;0;0;0
228;429;0;1023;276349,2643;0;0;0;0
229;429;0;1023;276355,5163;0;0;0;0
229;430;0;1023;276359,3783;0;0;0;0
228;432;0;1023;276365,5725;0;0;0;0
227;436;0;1023;276369,2585;0;0;0;0
224;441;0;1023;276375,4328;0;0;0;0
222;449;0;1023;276379,2693;0;0;0;0
218;458;0;1023;276385,6274;0;0;0;0
213;468;0;1023;276389,465;0;0;0;0
208;478;0;1023;276395,6693;0;0;0;0
208;478;0;1023;276399,8046;0;0;0;0
184;479;0;1023;276452,2774;0;0;0;0
184;477;0;1023;276455,4519;0;0;0;0
185;473;0;1023;276459,8142;0;0;0;0
185;471;0;1023;276465,9354;0;0;0;0
186;464;0;1023;276469,6286;0;0;0;0
187;456;0;1023;276475,8117;0;0;0;0
189;447;0;1023;276479,679;0;0;0;0
192;440;0;986;276485,8055;0;0;0;0
195;433;0;986;276489,4728;0;0;0;0
198;426;0;914;276495,7551;0;0;0;0
202;420;0;846;276499,4016;0;0;0;0
205;415;0;774;276505,5436;0;0;0;0
208;411;0;702;276509,6319;0;0;0;0
211;408;0;633;276515,701;0;0;0;0
214;405;0;597;276519,7592;0;0;0;0
216;404;0;597;276525,7833;0;0;0;0
218;404;0;561;276529,5131;0;0;0;0
219;404;0;561;276535,8071;0;0;0;0
220;403;0;561;276539,4325;0;0;0;0
221;403;0;561;276545,7925;0;0;0;0
222;403;0;561;276549,5221;0;0;0;0
222;402;0;561;276555,8095;0;0;0;0
222;402;0;597;276559,5384;0;0;0;0
222;402;0;597;276565,873;0;0;0;0
222;402;0;633;276569,5554;0;0;0;0
222;403;0;669;276575,8005;0;0;0;0
221;406;0;669;276579,6043;0;0;0;0
220;410;0;702;276585,6153;0;0;0;0
216;415;0;738;276589,577;0;0;0;0
212;422;0;738;276595,7029;0;0;0;0
207;426;0;774;276599,6208;0;0;0;0
204;430;0;774;276605,7478;0;0;0;0
201;434;0;810;276609,6023;0;0;0;0
198;438;0;810;276615,8438;0;0;0;0
195;442;0;810;276619,4441;0;0;0;0
192;445;0;846;276625,7365;0;0;0;0
189;448;0;810;276629,4319;0;0;0;0
186;449;0;810;276635,6933;0;0;0;0
184;449;0;810;276639,3985;0;0;0;0
181;450;0;774;276645,8354;0;0;0;0
179;449;0;738;276649,4235;0;0;0;0
177;447;0;738;276655,6998;0;0;0;0
175;445;0;702;276659,3176;0;0;0;0
173;443;0;702;276665,7361;0;0;0;0
171;441;0;669;276669,8075;0;0;0;0
169;438;0;669;276675,8056;0;0;0;0
168;436;0;633;276679,3938;0;0;0;0
167;434;0;597;276685,6472;0;0;0;0
166;431;0;561;276689,3506;0;0;0;0
166;430;0;525;276695,824;0;0;0;0
166;428;0;525;276702,7285;0;0;0;0
165;426;0;493;276705,4056;0;0;0;0
165;425;0;493;276709,7524;0;0;0;0
165;423;0;493;276715,6423;0;0;0;0
165;422;0;493;276719,3068;0;0;0;0
165;420;0;493;276725,5352;0;0;0;0
167;419;0;493;276729,5531;0;0;0;0
169;418;0;457;276736,1826;0;0;0;0
173;417;0;457;276739,3083;0;0;0;0
176;417;0;457;276745,8008;0;0;0;0
180;417;0;421;276749,624;0;0;0;0
183;417;0;421;276755,7783;0;0;0;0
186;417;0;421;276759,6215;0;0;0;0
189;418;0;421;276765,7063;0;0;0;0
191;419;0;421;276769,3034;0;0;0;0
194;420;0;421;276775,3418;0;0;0;0
197;421;0;421;276779,3512;0;0;0;0
199;422;0;421;276785,6967;0;0;0;0
201;423;0;421;276789,3719;0;0;0;0
204;425;0;421;276795,7763;0;0;0;0
206;427;0;421;276799,649;0;0;0;0
208;428;0;421;276805,6874;0;0;0;0
210;430;0;421;276809,6383;0;0;0;0
212;432;0;421;276815,2828;0;0;0;0
214;433;0;421;276819,6396;0;0;0;0
215;434;0;385;276825,4088;0;0;0;0
216;435;0;385;276829,5407;0;0;0;0
217;436;0;385;276836,0938;0;0;0;0
219;438;0;385;276839,3998;0;0;0;0
220;440;0;349;276845,764;0;0;0;0
221;441;0;349;276849,1673;0;0;0;0
222;442;0;349;276853,0523;0;0;0;0
222;444;0;316;276859,3849;0;0;0;0
222;445;0;316;276865,2298;0;0;0;0
222;446;0;316;276869,1496;0;0;0;0
222;447;0;316;276875,4839;0;0;0;0
221;448;0;316;276879,4;0;0;0;0
220;448;0;316;276883,3639;0;0;0;0
219;449;0;316;276889,5411;0;0;0;0
218;450;0;316;276893,7843;0;0;0;0
217;450;0;316;276899,6233;0;0;0;0
216;450;0;316;276903,4861;0;0;0;0
214;450;0;316;276909,7945;0;0;0;0
213;450;0;280;276913,5512;0;0;0;0
212;449;0;280;276919,7217;0;0;0;0
212;448;0;280;276923,4417;0;0;0;0
211;448;0;244;276929,4373;0;0;0;0
211;447;0;244;276933,3998;0;0;0;0
211;446;0;208;276939,7051;0;0;0;0
211;444;0;172;276943,4095;0;0;0;0
211;443;0;172;276949,5573;0;0;0;0
212;442;0;140;276953,7014;0;0;0;0
213;441;0;104;276959,4792;0;0;0;0
214;440;0;104;276963,43;0;0;0;0
215;439;0;68;276969,5256;0;0;0;0
217;439;0;68;276973,1956;0;0;0;0
218;438;0;68;276979,5239;0;0;0;0
220;438;0;68;276983,3709;0;0;0;0
222;437;0;68;276989,572;0;0;0;0
224;437;0;104;276993,3612;0;0;0;0
225;436;0;104;276999,472;0;0;0;0
227;436;0;140;277003,1665;0;0;0;0
229;436;0;140;277009,4885;0;0;0;0
231;436;0;140;277013,7792;0;0;0;0
233;436;0;140;277019,8346;0;0;0;0
235;436;0;140;277023,0931;0;0;0;0
236;436;0;104;277029,4791;0;0;0;0
238;437;0;68;277033,1259;0;0;0;0
240;438;0;32;277039,4575;0;0;0;0
242;439;0;0;277043,2777;0;0;0;0
244;441;0;0;277049,686;0;0;0;0
246;443;0;0;277053,1621;0;0;0;0
248;446;0;0;277059,5118;0;0;0;0
250;450;0;0;277063,0222;0;0;0;0
252;453;0;0;277069,4356;0;0;0;0
252;456;0;0;277073,1004;0;0;0;0
253;459;0;0;277079,6333;0;0;0;0
252;462;0;0;277083,1647;0;0;0;0
251;466;6472;0;277089,5504;0;0;0;0
249;469;14289;0;277098,6366;0;0;0;0
246;473;15401;0;277099,9717;0;0;0;0
242;477;15641;0;277108,8898;0;0;0;0
238;479;16005;0;277121,5824;0;0;0;0
233;482;16385;0;277122,8291;0;0;0;0
228;484;16509;0;277124,0554;0;0;0;0
223;486;16721;0;277124,8728;0;0;0;0
217;487;16885;0;277133,5875;0;0;0;0
211;488;17321;0;277135,6647;0;0;0;0
205;488;17717;0;277144,0007;0;0;0;0
198;488;18013;0;277145,5679;0;0;0;0
192;488;18285;0;277155,4612;0;0;0;0
186;486;18581;0;277156,7118;0;0;0;0
179;484;18805;0;277165,5239;0;0;0;0
173;481;18977;0;277167,1325;0;0;0;0
168;477;19073;0;277175,6733;0;0;0;0
163;473;19197;0;277177,0498;0;0;0;0
159;469;19305;0;277187,5966;0;0;0;0
155;465;19405;0;277188,8445;0;0;0;0
153;460;19453;0;277190,0138;0;0;0;0
151;455;19517;0;277198,8329;0;0;0;0
150;449;19613;0;277200,9726;0;0;0;0
150;443;19673;0;277209,4666;0;0;0;0
151;436;19749;0;277210,7712;0;0;0;0
153;428;19809;0;277220,5809;0;0;0;0
155;419;20017;0;277221,8491;0;0;0;0
159;410;20237;0;277230,6304;0;0;0;0
163;399;20517;0;277232,5299;0;0;0;0
168;388;20849;0;277234,6365;0;0;0;0
173;376;20969;0;277243,0687;0;0;0;0
179;363;21177;0;277244,4887;0;0;0;0
185;350;21529;0;277254,3667;0;0;0;0
191;337;21529;0;277255,6003;0;0;0;0
196;324;21449;0;277264,9018;0;0;0;0
201;311;21449;0;277266,3914;0;0;0;0
205;299;21453;0;277275,136;0;0;0;0
207;287;21453;0;277276,8644;0;0;0;0
208;277;21453;0;277288,5512;0;0;0;0
208;266;21453;0;277289,7451;0;0;0;0
207;257;21465;0;277291,248;0;0;0;0
205;249;21473;0;277300,7148;0;0;0;0
202;241;21641;0;277302,1551;0;0;0;0
198;235;22006;0;277303,4113;0;0;0;0
194;230;22686;0;277312,0444;0;0;0;0
188;225;23522;0;277313,603;0;0;0;0
182;221;24522;0;277323,313;0;0;0;0
176;218;25342;0;277324,902;0;0;0;0
169;216;25910;0;277334,2709;0;0;0;0
161;215;26282;0;277335,5573;0;0;0;0
153;215;26438;0;277343,7586;0;0;0;0
145;216;26642;0;277345,0175;0;0;0;0
137;219;26642;0;277354,0858;0;0;0;0
130;222;26634;0;277355,1539;0;0;0;0
122;226;26562;0;277363,4831;0;0;0;0
116;231;26454;0;277364,8238;0;0;0;0
110;236;26406;0;277373,4585;0;0;0;0
104;242;26358;0;277374,9383;0;0;0;0
100;248;26350;0;277384,1792;0;0;0;0
97;254;26338;0;277385,6095;0;0;0;0
94;259;26326;0;277393,9427;0;0;0;0
93;264;26230;0;277395,1862;0;0;0;0
92;268;26086;0;277403,4618;0;0;0;0
92;271;25870;0;277404,5887;0;0;0;0
94;275;25662;0;277413,2775;0;0;0;0
96;277;25314;0;277414,3843;0;0;0;0
99;280;24822;0;277423,0967;0;0;0;0
102;282;23878;0;277424,2451;0;0;0;0
107;285;22670;0;277432,4375;0;0;0;0
112;287;21189;0;277434,0572;0;0;0;0
117;289;19517;0;277443,2488;0;0;0;0
123;291;17457;0;277444,5913;0;0;0;0
129;292;15325;0;277453,4828;0;0;0;0
136;294;13161;0;277457,4963;0;0;0;0
142;295;10912;0;277466,2757;0;0;0;0
149;296;7000;0;277468,2368;0;0;0;0
153;296;2560;0;277469,2905;0;0;0;0
153;296;0;0;277470,1436;0;0;0;0
161;297;0;0;277478,9024;0;0;0;0
165;297;0;20;277480,3252;0;0;0;0
170;297;0;92;277483,63;0;0;0;0
174;297;0;160;277489,665;0;0;0;0
178;297;0;228;277493,31;0;0;0;0
181;297;0;300;277499,6595;0;0;0;0
184;297;0;345;277503,5789;0;0;0;0
187;297;0;393;277509,6182;0;0;0;0
189;297;0;441;277513,1349;0;0;0;0
191;297;0;509;277519,3812;0;0;0;0
193;297;0;577;277523,3458;0;0;0;0
194;297;0;625;277529,3606;0;0;0;0
195;297;0;673;277533,3007;0;0;0;0
196;297;0;718;277539,3927;0;0;0;0
197;297;0;742;277543,1792;0;0;0;0
199;297;0;766;277549,36;0;0;0;0
200;298;0;766;277553,2423;0;0;0;0
202;298;0;766;277559,6012;0;0;0;0
203;299;0;790;277563,3388;0;0;0;0
205;301;0;790;277567,1862;0;0;0;0
207;303;0;766;277573,6297;0;0;0;0
209;305;0;766;277579,5261;0;0;0;0
211;307;0;742;277583,3553;0;0;0;0
213;310;0;718;277589,6351;0;0;0;0
216;312;0;673;277593,3618;0;0;0;0
219;315;0;649;277597,3849;0;0;0;0
222;318;0;601;277603,5365;0;0;0;0
225;321;0;557;277607,4505;0;0;0;0
229;325;0;509;277613,4072;0;0;0;0
232;327;0;461;277617,1381;0;0;0;0
234;330;0;393;277623,6621;0;0;0;0
236;332;0;324;277627,3577;0;0;0;0
239;334;0;252;277633,4713;0;0;0;0
240;335;0;184;277637,3101;0;0;0;0
241;336;0;136;277643,9509;0;0;0;0
242;336;0;92;277647,6078;0;0;0;0
243;337;0;0;277653,7762;0;0;0;0
243;337;10424;0;277657,5611;0;0;0;0
243;337;15885;0;277666,2027;0;0;0;0
243;337;15885;0;277667,8971;0;0;0;0
240;332;15657;0;277676,5228;0;0;0;0
238;328;14661;0;277677,8058;0;0;0;0
236;323;14549;0;277687,8849;0;0;0;0
234;318;14549;0;277689,2336;0;0;0;0
233;312;15269;0;277698,1278;0;0;0;0
231;306;16173;0;277700,035;0;0;0;0
229;299;17325;0;277708,8578;0;0;0;0
228;291;18513;0;277710,2709;0;0;0;0
227;285;19617;0;277720,1803;0;0;0;0
227;278;20425;0;277721,7883;0;0;0;0
227;273;21097;0;277730,6888;0;0;0;0
227;268;21461;0;277732,0318;0;0;0;0
228;264;21922;0;277734,3866;0;0;0;0
230;261;22310;0;277743,5094;0;0;0;0
232;258;22650;0;277744,9945;0;0;0;0
234;256;22954;0;277754,1958;0;0;0;0
237;254;23206;0;277755,6735;0;0;0;0
240;253;23334;0;277764,4974;0;0;0;0
244;252;23334;0;277765,9154;0;0;0;0
249;252;23142;0;277774,9289;0;0;0;0
253;253;22730;0;277776,554;0;0;0;0
258;255;22162;0;277777,8444;0;0;0;0
263;257;21397;0;277788,254;0;0;0;0
267;260;19909;0;277789,6408;0;0;0;0
271;264;17305;0;277797,942;0;0;0;0
275;268;14277;0;277799,4399;0;0;0;0
277;272;7536;0;277808,4193;0;0;0;0
278;276;1;0;277809,7597;0;0;0;0
278;276;0;0;277810,8556;0;0;0;0
280;284;0;76;277820,4914;0;0;0;0
280;290;0;156;277821,6811;0;0;0;0
279;297;0;260;277823,2902;0;0;0;0
278;305;0;341;277827,6826;0;0;0;0
276;313;0;417;277833,93;0;0;0;0
274;321;0;521;277837,8492;0;0;0;0
272;329;0;601;277843,7673;0;0;0;0
270;338;0;682;277847,622;0;0;0;0
269;346;0;706;277853,8646;0;0;0;0
269;355;0;734;277857,5143;0;0;0;0
270;362;0;734;277863,7619;0;0;0;0
270;369;0;706;277867,5779;0;0;0;0
270;375;0;653;277873,7824;0;0;0;0
272;380;0;601;277877,7384;0;0;0;0
275;384;0;521;277883,6938;0;0;0;0
277;387;0;393;277887,5403;0;0;0;0
279;389;0;260;277893,9431;0;0;0;0
280;390;0;104;277897,5056;0;0;0;0
280;391;0;0;277903,8589;0;0;0;0
280;392;0;0;277907,4546;0;0;0;0
280;394;0;0;277913,7349;0;0;0;0
279;394;21169;0;277917,6526;0;0;0;0
279;394;22930;0;277926,6263;0;0;0;0
274;394;22930;0;277927,8735;0;0;0;0
273;393;21193;0;277937,1558;0;0;0;0
272;391;19717;0;277938,5072;0;0;0;0
271;389;17073;0;277947,8035;0;0;0;0
271;387;12785;0;277949,1984;0;0;0;0
271;386;6908;0;277958,0065;0;0;0;0
270;384;1;0;277959,3723;0;0;0;0
270;384;0;0;277960,4162;0;0;0;0
270;382;0;100;277969,9254;0;0;0;0
269;381;0;228;277971,3541;0;0;0;0
268;378;0;357;277973,3043;0;0;0;0
267;376;0;509;277977,6223;0;0;0;0
266;373;0;661;277984,0495;0;0;0;0
265;370;0;790;277987,4607;0;0;0;0
264;368;0;894;277993,764;0;0;0;0
264;366;0;970;277997,5929;0;0;0;0
264;365;0;994;278003,8502;0;0;0;0
265;364;0;1023;278007,5683;0;0;0;0
265;363;0;1023;278013,5128;0;0;0;0
265;362;0;1023;278017,7349;0;0;0;0
265;360;0;1023;278023,7233;0;0;0;0
265;357;0;1023;278027,3462;0;0;0;0
267;355;0;1023;278033,7557;0;0;0;0
270;352;0;1023;278037,5235;0;0;0;0
274;349;0;1023;278043,7374;0;0;0;0
280;347;0;1023;278047,5508;0;0;0;0
287;344;0;1023;278053,8621;0;0;0;0
292;341;0;1023;278057,4026;0;0;0;0
296;338;0;1023;278063,5897;0;0;0;0
296;334;0;1023;278067,558;0;0;0;0
295;329;0;1023;278073,7558;0;0;0;0
296;325;0;1023;278077,7019;0;0;0;0
296;321;0;1023;278083,8365;0;0;0;0
294;317;0;1023;278087,4668;0;0;0;0
291;313;0;1023;278093,7806;0;0;0;0
287;310;0;1023;278097,4491;0;0;0;0
284;307;0;1023;278103,7153;0;0;0;0
280;304;0;1023;278107,5561;0;0;0;0
276;302;0;1023;278113,8216;0;0;0;0
273;300;0;1023;278117,5653;0;0;0;0
270;298;0;1023;278123,8252;0;0;0;0
268;299;0;1023;278127,3396;0;0;0;0
266;299;0;1023;278133,7052;0;0;0;0
267;300;0;1023;278137,4225;0;0;0;0
267;300;0;1023;278143,6858;0;0;0;0
268;300;0;1023;278147,3995;0;0;0;0
269;300;0;1023;278153,7377;0;0;0;0
266;299;0;994;278157,4493;0;0;0;0
264;298;0;942;278163,7131;0;0;0;0
264;296;0;866;278167,4502;0;0;0;0
264;295;0;766;278173,6576;0;0;0;0
264;294;0;690;278177,3954;0;0;0;0
264;292;0;613;278183,7346;0;0;0;0
264;291;0;585;278187,5623;0;0;0;0
265;289;0;585;278193,7727;0;0;0;0
266;288;0;637;278197,3865;0;0;0;0
266;288;0;714;278203,7679;0;0;0;0
263;287;0;790;278207,5794;0;0;0;0
258;285;0;866;278213,7224;0;0;0;0
254;283;0;918;278217,6264;0;0;0;0
250;282;0;970;278223,711;0;0;0;0
248;280;0;994;278227,3188;0;0;0;0
248;280;0;994;278233,8477;0;0;0;0
249;280;0;994;278237,4477;0;0;0;0
250;280;0;994;278243,7255;0;0;0;0
251;280;0;970;278247,4208;0;0;0;0
251;280;0;942;278253,8666;0;0;0;0
251;279;0;894;278257,5388;0;0;0;0
248;278;0;842;278263,5676;0;0;0;0
247;277;0;766;278267,4783;0;0;0;0
247;277;0;690;278273,7465;0;0;0;0
248;277;0;585;278277,3956;0;0;0;0
250;277;0;509;278283,8006;0;0;0;0
252;278;0;433;278287,3955;0;0;0;0
255;278;0;357;278293,7138;0;0;0;0
258;279;0;304;278297,5165;0;0;0;0
260;280;0;280;278303,7436;0;0;0;0
261;282;0;252;278307,3054;0;0;0;0
261;283;0;252;278311,6119;0;0;0;0
261;285;0;252;278317,7396;0;0;0;0
261;286;0;252;278323,7005;0;0;0;0
261;288;0;252;278327,4202;0;0;0;0
260;290;0;252;278331,4756;0;0;0;0
260;293;0;252;278337,7883;0;0;0;0
260;296;0;228;278341,4279;0;0;0;0
260;299;0;176;278347,729;0;0;0;0
262;302;0;124;278351,4009;0;0;0;0
263;305;0;48;278357,8904;0;0;0;0
265;308;0;0;278361,5194;0;0;0;0
267;309;0;0;278367,7727;0;0;0;0
268;311;0;0;278371,4518;0;0;0;0
269;313;0;0;278377,7388;0;0;0;0
269;314;15633;0;278381,4508;0;0;0;0
269;314;18129;0;278391,3813;0;0;0;0
269;314;18289;0;278392,7493;0;0;0;0
269;314;18289;0;278402,0767;0;0;0;0
269;314;16553;0;278403,2625;0;0;0;0
269;314;15545;0;278412,7296;0;0;0;0
267;308;15417;0;278413,9528;0;0;0;0
266;303;15417;0;278423,7789;0;0;0;0
265;297;16325;0;278425,1217;0;0;0;0
264;291;17533;0;278438,1077;0;0;0;0
262;284;18833;0;278439,382;0;0;0;0
261;278;19825;0;278440,6421;0;0;0;0
260;272;20461;0;278441,8509;0;0;0;0
259;266;20865;0;278452,3012;0;0;0;0
259;261;21217;0;278453,6047;0;0;0;0
259;258;21617;0;278463,2208;0;0;0;0
259;254;21982;0;278464,4869;0;0;0;0
259;252;22370;0;278474,3346;0;0;0;0
260;250;22638;0;278475,6637;0;0;0;0
261;248;22842;0;278486,3651;0;0;0;0
262;247;22918;0;278487,7899;0;0;0;0
264;247;22918;0;278489,0472;0;0;0;0
266;247;22906;0;278498,5095;0;0;0;0
268;247;22806;0;278500,3961;0;0;0;0
271;249;22722;0;278501,7322;0;0;0;0
275;252;22650;0;278510,776;0;0;0;0
278;255;22494;0;278512,1871;0;0;0;0
286;264;21862;0;278522,9583;0;0;0;0
289;270;21605;0;278533,7357;0;0;0;0
293;275;21389;0;278536,3813;0;0;0;0
296;281;21133;0;278537,8437;0;0;0;0
299;287;20901;0;278547,5573;0;0;0;0
301;291;20777;0;278549,3217;0;0;0;0
303;296;20729;0;278558,9483;0;0;0;0
304;299;20729;0;278560,2963;0;0;0;0
305;300;20973;0;278561,8195;0;0;0;0
305;301;21325;0;278571,5284;0;0;0;0
305;301;21729;0;278572,7368;0;0;0;0
305;301;22202;0;278582,5738;0;0;0;0
305;301;22566;0;278584,5051;0;0;0;0
305;301;22734;0;278594,378;0;0;0;0
305;299;22842;0;278595,8221;0;0;0;0
304;296;22854;0;278606,0378;0;0;0;0
303;291;23002;0;278608,0452;0;0;0;0
302;286;23338;0;278609,2656;0;0;0;0
300;280;23606;0;278619,6007;0;0;0;0
300;275;23846;0;278621,0053;0;0;0;0
299;270;24066;0;278622,233;0;0;0;0
299;266;24366;0;278632,2756;0;0;0;0
300;263;24570;0;278633,9592;0;0;0;0
300;261;24690;0;278644,8159;0;0;0;0
302;259;24790;0;278646,3274;0;0;0;0
303;258;24862;0;278647,5855;0;0;0;0
305;257;24934;0;278658,5252;0;0;0;0
308;256;25006;0;278659,9529;0;0;0;0
311;256;25018;0;278670,9971;0;0;0;0
314;257;25018;0;278672,3448;0;0;0;0
317;259;25018;0;278673,3643;0;0;0;0
321;262;24946;0;278683,2487;0;0;0;0
325;266;24826;0;278684,5012;0;0;0;0
329;270;24630;0;278692,2918;0;0;0;0
332;275;24426;0;278693,4856;0;0;0;0
336;280;24282;0;278702,3741;0;0;0;0
339;285;24126;0;278703,7582;0;0;0;0
342;290;23978;0;278712,9792;0;0;0;0
345;295;23762;0;278714,197;0;0;0;0
347;299;23618;0;278722,7165;0;0;0;0
349;303;23438;0;278723,9154;0;0;0;0
350;306;23302;0;278732,6454;0;0;0;0
351;308;23302;0;278733,9778;0;0;0;0
351;308;23422;0;278742,7518;0;0;0;0
351;308;23686;0;278744,1566;0;0;0;0
351;308;23938;0;278752,9327;0;0;0;0
351;308;23938;0;278754,238;0;0;0;0
351;308;23886;0;278762,6976;0;0;0;0
350;306;23886;0;278763,7664;0;0;0;0
348;302;24106;0;278772,8577;0;0;0;0
346;297;24322;0;278774,1013;0;0;0;0
344;292;24478;0;278782,8677;0;0;0;0
342;286;24490;0;278784,3178;0;0;0;0
341;281;24490;0;278792,3875;0;0;0;0
340;277;24478;0;278793,704;0;0;0;0
339;273;24430;0;278803,4466;0;0;0;0
339;270;24430;0;278804,4736;0;0;0;0
340;268;24518;0;278812,8492;0;0;0;0
341;265;24578;0;278814,0323;0;0;0;0
343;263;24578;0;278822,7763;0;0;0;0
345;261;24578;0;278824,1119;0;0;0;0
348;260;24314;0;278834,071;0;0;0;0
351;259;23734;0;278835,3759;0;0;0;0
355;258;23094;0;278843,9617;0;0;0;0
359;258;22366;0;278845,572;0;0;0;0
363;259;21601;0;278854,7486;0;0;0;0
367;260;20837;0;278856,1315;0;0;0;0
371;263;19845;0;278865,6611;0;0;0;0
375;265;18645;0;278866,9895;0;0;0;0
378;268;17109;0;278867,8188;0;0;0;0
382;272;15577;0;278875,8569;0;0;0;0
385;275;14609;0;278884,9296;0;0;0;0
388;279;14089;0;278886,253;0;0;0;0
390;283;13785;0;278887,2519;0;0;0;0
392;288;13669;0;278896,1257;0;0;0;0
393;292;13617;0;278897,4144;0;0;0;0
394;297;13441;0;278906,0533;0;0;0;0
394;300;13441;0;278907,2929;0;0;0;0
394;304;13757;0;278915,7906;0;0;0;0
393;306;14973;0;278917,2648;0;0;0;0
392;308;16421;0;278926,0306;0;0;0;0
390;309;18237;0;278927,2583;0;0;0;0
388;309;20029;0;278935,7725;0;0;0;0
386;309;21261;0;278944,405;0;0;0;0
384;308;21601;0;278945,6134;0;0;0;0
381;306;21809;0;278954,5748;0;0;0;0
377;302;22054;0;278955,9051;0;0;0;0
374;299;22466;0;278964,3926;0;0;0;0
371;294;22814;0;278966,797;0;0;0;0
368;289;23142;0;278968,3337;0;0;0;0
365;284;23394;0;278976,9541;0;0;0;0
363;279;23650;0;278978,3825;0;0;0;0
362;274;23902;0;278987,9961;0;0;0;0
361;269;24182;0;278989,4978;0;0;0;0
361;265;24410;0;278998,9145;0;0;0;0
362;262;24710;0;279000,7827;0;0;0;0
364;259;24942;0;279002,0827;0;0;0;0
366;256;25122;0;279013,2165;0;0;0;0
369;254;25230;0;279015,5981;0;0;0;0
372;253;25314;0;279025,8319;0;0;0;0
375;252;25322;0;279027,1324;0;0;0;0
379;251;25330;0;279030,1343;0;0;0;0
382;252;25330;0;279031,5473;0;0;0;0
386;253;25326;0;279041,1365;0;0;0;0
389;255;25322;0;279042,663;0;0;0;0
393;257;25238;0;279051,9629;0;0;0;0
395;260;25190;0;279053,3375;0;0;0;0
398;264;25106;0;279062,2866;0;0;0;0
400;267;25046;0;279063,652;0;0;0;0
401;271;25046;0;279072,6905;0;0;0;0
402;275;25046;0;279074,0952;0;0;0;0
402;280;25106;0;279075,5612;0;0;0;0
402;285;25154;0;279085,0453;0;0;0;0
401;290;25154;0;279086,3682;0;0;0;0
400;296;25106;0;279095,4868;0;0;0;0
398;301;24818;0;279096,7005;0;0;0;0
396;306;24574;0;279105,5832;0;0;0;0
395;310;24358;0;279107,0737;0;0;0;0
393;314;24166;0;279117,0659;0;0;0;0
391;316;23922;0;279118,5207;0;0;0;0
389;318;23730;0;279127,8995;0;0;0;0
388;319;23598;0;279129,1755;0;0;0;0
386;319;23342;0;279138,7196;0;0;0;0
385;319;22834;0;279140,1899;0;0;0;0
384;318;22158;0;279141,6863;0;0;0;0
384;316;21049;0;279151,5097;0;0;0;0
383;314;19105;0;279152,7852;0;0;0;0
383;311;16357;0;279161,9171;0;0;0;0
383;309;13817;0;279163,2184;0;0;0;0
383;307;11053;0;279172,5621;0;0;0;0
384;305;5984;0;279174,1008;0;0;0;0
385;304;1;0;279175,4633;0;0;0;0
385;304;0;0;279176,7774;0;0;0;0
387;303;0;20;279186,0311;0;0;0;0
389;302;0;44;279187,4384;0;0;0;0
391;302;0;92;279191,8403;0;0;0;0
393;302;0;140;279195,677;0;0;0;0
396;302;0;188;279201,4205;0;0;0;0
399;302;0;212;279205,8632;0;0;0;0
401;302;0;260;279211,7837;0;0;0;0
403;302;0;284;279215,7657;0;0;0;0
405;302;0;284;279222,0003;0;0;0;0
406;302;0;260;279225,3817;0;0;0;0
408;302;0;188;279231,5159;0;0;0;0
409;302;0;116;279235,4603;0;0;0;0
410;301;0;68;279241,7989;0;0;0;0
412;300;0;20;279245,4299;0;0;0;0
413;299;0;0;279251,6472;0;0;0;0
413;298;12537;0;279255,5759;0;0;0;0
413;298;16641;0;279264,1474;0;0;0;0
412;293;17137;0;279266,0786;0;0;0;0
411;290;17137;0;279274,8722;0;0;0;0
411;287;17089;0;279276,3107;0;0;0;0
411;284;17089;0;279286,057;0;0;0;0
410;280;17297;0;279287,3889;0;0;0;0
410;277;17757;0;279296,0057;0;0;0;0
409;274;18513;0;279297,2333;0;0;0;0
409;270;19237;0;279306,6754;0;0;0;0
408;267;19665;0;279308,367;0;0;0;0
408;264;19901;0;279318,4483;0;0;0;0
408;260;19973;0;279319,84;0;0;0;0
407;258;19977;0;279328,9021;0;0;0;0
407;256;20025;0;279330,383;0;0;0;0
407;255;20029;0;279332,2303;0;0;0;0
407;254;20029;0;279341,7143;0;0;0;0
407;254;20029;0;279343,3446;0;0;0;0
407;254;20029;0;279353,2762;0;0;0;0
407;254;20129;0;279354,5582;0;0;0;0
407;254;20445;0;279355,9247;0;0;0;0
407;254;21053;0;279365,1641;0;0;0;0
407;254;22042;0;279367,3062;0;0;0;0
407;255;22962;0;279375,8081;0;0;0;0
407;256;23686;0;279377,138;0;0;0;0
407;260;23686;0;279386,8752;0;0;0;0
407;264;23446;0;279388,128;0;0;0;0
407;268;23238;0;279397,252;0;0;0;0
407;273;23230;0;279399,0337;0;0;0;0
407;278;23170;0;279408,426;0;0;0;0
408;283;23162;0;279409,9312;0;0;0;0
410;288;23018;0;279411,5318;0;0;0;0
411;293;22822;0;279421,7346;0;0;0;0
414;298;22606;0;279423,1783;0;0;0;0
416;303;22498;0;279432,8289;0;0;0;0
419;306;22450;0;279434,5481;0;0;0;0
422;309;22434;0;279435,8841;0;0;0;0
426;312;22350;0;279445,5008;0;0;0;0
429;313;22278;0;279446,8409;0;0;0;0
432;314;22146;0;279456,5129;0;0;0;0
435;315;22010;0;279457,8674;0;0;0;0
438;315;21926;0;279468,8135;0;0;0;0
441;314;21926;0;279470,3289;0;0;0;0
443;312;22018;0;279471,551;0;0;0;0
445;310;22178;0;279481,2373;0;0;0;0
447;308;22370;0;279483,1791;0;0;0;0
448;305;22698;0;279492,3891;0;0;0;0
449;301;23002;0;279493,9218;0;0;0;0
449;297;23314;0;279495,4645;0;0;0;0
449;293;23642;0;279505,3025;0;0;0;0
448;288;23942;0;279506,8688;0;0;0;0
446;283;24138;0;279516,9342;0;0;0;0
444;278;24210;0;279518,3687;0;0;0;0
442;272;24210;0;279527,8738;0;0;0;0
440;267;24198;0;279529,2604;0;0;0;0
439;262;24102;0;279539,2924;0;0;0;0
438;258;24006;0;279540,7222;0;0;0;0
438;254;23810;0;279541,8291;0;0;0;0
438;251;23302;0;279552,0633;0;0;0;0
440;248;22734;0;279553,3742;0;0;0;0
443;245;22154;0;279563,1267;0;0;0;0
446;243;21509;0;279564,8206;0;0;0;0
451;241;20997;0;279566,698;0;0;0;0
456;240;20509;0;279575,4993;0;0;0;0
463;240;19825;0;279576,9596;0;0;0;0
470;240;18501;0;279587,1281;0;0;0;0
479;241;16825;0;279588,5955;0;0;0;0
488;242;16097;0;279598,2561;0;0;0;0
497;245;15957;0;279599,8004;0;0;0;0
504;246;13405;0;279608,9589;0;0;0;0
511;249;4484;0;279610,2715;0;0;0;0
511;249;0;0;279611,6398;0;0;0;0
523;255;0;52;279612,7263;0;0;0;0
532;260;0;104;279622,0879;0;0;0;0
541;267;0;180;279623,7246;0;0;0;0
551;274;0;208;279625,3311;0;0;0;0
559;281;0;284;279632,0197;0;0;0;0
566;289;0;393;279635,3237;0;0;0;0
573;297;0;497;279641,338;0;0;0;0
579;305;0;573;279645,1977;0;0;0;0
585;311;0;653;279651,3091;0;0;0;0
590;318;0;706;279655,4738;0;0;0;0
596;324;0;734;279661,3165;0;0;0;0
600;329;0;786;279665,3591;0;0;0;0
604;335;0;810;279671,5811;0;0;0;0
608;341;0;838;279675,1507;0;0;0;0
612;346;0;838;279681,5479;0;0;0;0
615;351;0;862;279685,215;0;0;0;0
618;356;0;862;279692,0704;0;0;0;0
621;361;0;862;279695,522;0;0;0;0
623;366;0;862;279701,4164;0;0;0;0
625;370;0;862;279705,2961;0;0;0;0
624;375;0;862;279711,6318;0;0;0;0
624;379;0;862;279715,8081;0;0;0;0
623;383;0;862;279721,6226;0;0;0;0
623;386;0;862;279725,4653;0;0;0;0
623;388;0;862;279731,9688;0;0;0;0
623;387;0;838;279735,3586;0;0;0;0
624;387;0;786;279741,9775;0;0;0;0
625;387;0;758;279745,7085;0;0;0;0
626;387;0;706;279751,546;0;0;0;0
626;389;0;653;279755,4804;0;0;0;0
626;389;0;573;279761,5167;0;0;0;0
626;388;0;497;279765,4322;0;0;0;0
625;386;0;417;279769,2199;0;0;0;0
625;384;0;365;279775,468;0;0;0;0
625;381;0;312;279779,436;0;0;0;0
626;379;0;260;279785,4714;0;0;0;0
626;378;0;260;279789,3276;0;0;0;0
626;376;0;260;279795,5418;0;0;0;0
626;375;0;284;279799,0275;0;0;0;0
627;374;0;284;279805,6233;0;0;0;0
628;373;0;312;279809,1747;0;0;0;0
629;373;0;341;279815,5121;0;0;0;0
630;373;0;341;279819,2881;0;0;0;0
632;374;0;365;279825,4062;0;0;0;0
634;375;0;365;279829,4399;0;0;0;0
638;377;0;341;279835,6614;0;0;0;0
642;380;0;312;279839,1549;0;0;0;0
646;383;0;260;279845,6066;0;0;0;0
653;389;0;208;279855,5209;0;0;0;0
656;392;0;180;279859,3122;0;0;0;0
660;396;0;156;279865,6165;0;0;0;0
663;399;0;128;279869,5353;0;0;0;0
666;403;0;104;279875,9791;0;0;0;0
668;408;0;52;279879,4197;0;0;0;0
671;413;0;0;279885,5628;0;0;0;0
672;418;0;0;279889,4532;0;0;0;0
674;423;0;0;279895,6297;0;0;0;0
674;428;0;0;279899,2889;0;0;0;0
674;434;0;0;279905,5985;0;0;0;0
674;438;0;0;279909,2307;0;0;0;0
673;444;10672;0;279915,555;0;0;0;0
671;448;14965;0;279924,0588;0;0;0;0
669;452;16021;0;279925,4248;0;0;0;0
666;457;16837;0;279934,8364;0;0;0;0
664;460;17933;0;279936,1437;0;0;0;0
661;463;18549;0;279944,5439;0;0;0;0
658;465;19017;0;279945,8986;0;0;0;0
654;467;19717;0;279954,4412;0;0;0;0
651;468;20329;0;279956,0679;0;0;0;0
646;468;20753;0;279965,8099;0;0;0;0
640;467;21069;0;279967,3774;0;0;0;0
634;465;21265;0;279975,6762;0;0;0;0
626;461;21485;0;279977,2577;0;0;0;0
617;456;21753;0;279986,4952;0;0;0;0
608;449;22358;0;279987,8176;0;0;0;0
599;441;23086;0;279997,081;0;0;0;0
590;432;23690;0;279998,7916;0;0;0;0
581;422;24150;0;280000,0307;0;0;0;0
573;412;24558;0;280008,2399;0;0;0;0
566;400;25054;0;280009,6799;0;0;0;0
560;388;25270;0;280018,5457;0;0;0;0
555;375;25666;0;280019,8921;0;0;0;0
552;363;25934;0;280029,1416;0;0;0;0
550;351;26198;0;280030,6759;0;0;0;0
549;340;26510;0;280039,807;0;0;0;0
549;330;26738;0;280041,4186;0;0;0;0
551;321;26870;0;280051,3847;0;0;0;0
553;313;26882;0;280052,7855;0;0;0;0
557;306;27122;0;280062,189;0;0;0;0
561;300;27278;0;280063,7458;0;0;0;0
566;296;27386;0;280072,9315;0;0;0;0
571;292;27434;0;280074,2761;0;0;0;0
577;289;27494;0;280075,1733;0;0;0;0
583;288;27566;0;280084,4795;0;0;0;0
590;287;27566;0;280085,8005;0;0;0;0
597;288;27566;0;280094,6608;0;0;0;0
603;289;27554;0;280096,0732;0;0;0;0
610;292;27458;0;280104,2322;0;0;0;0
616;296;27266;0;280105,5641;0;0;0;0
622;300;26990;0;280114,0533;0;0;0;0
626;304;26774;0;280115,9733;0;0;0;0
630;309;26498;0;280124,406;0;0;0;0
633;312;26258;0;280125,6468;0;0;0;0
635;316;26018;0;280135,2169;0;0;0;0
636;318;25874;0;280137,0111;0;0;0;0
637;319;25774;0;280145,4802;0;0;0;0
637;320;25774;0;280146,756;0;0;0;0
637;320;25846;0;280155,3578;0;0;0;0
637;320;25970;0;280156,9044;0;0;0;0
635;319;26090;0;280165,6228;0;0;0;0
633;318;26090;0;280167,3432;0;0;0;0
630;314;26002;0;280176,4494;0;0;0;0
627;309;26002;0;280177,6634;0;0;0;0
623;303;26146;0;280187,3547;0;0;0;0
619;296;26326;0;280189,1182;0;0;0;0
615;288;26578;0;280190,4386;0;0;0;0
612;279;26806;0;280199,2446;0;0;0;0
608;269;27166;0;280200,5364;0;0;0;0
605;259;27490;0;280209,3263;0;0;0;0
601;249;27706;0;280210,5437;0;0;0;0
598;238;28070;0;280220,1511;0;0;0;0
595;227;28490;0;280221,3981;0;0;0;0
591;217;28850;0;280230,1268;0;0;0;0
588;206;29006;0;280232,2926;0;0;0;0
585;195;29054;0;280241,3889;0;0;0;0
583;184;29162;0;280242,9119;0;0;0;0
580;174;29234;0;280252,5434;0;0;0;0
577;165;29242;0;280253,7033;0;0;0;0
575;157;29246;0;280262,5116;0;0;0;0
572;150;29246;0;280263,8742;0;0;0;0
570;144;29246;0;280273,7384;0;0;0;0
568;139;29250;0;280275,0571;0;0;0;0
565;135;29310;0;280277,8652;0;0;0;0
563;133;29322;0;280287,8664;0;0;0;0
561;131;29418;0;280289,3147;0;0;0;0
559;130;29490;0;280290,7982;0;0;0;0
557;129;29550;0;280299,707;0;0;0;0
555;129;29634;0;280300,9599;0;0;0;0
554;130;29698;0;280310,059;0;0;0;0
552;131;29698;0;280311,1082;0;0;0;0
550;134;29578;0;280320,1846;0;0;0;0
548;136;29410;0;280321,8128;0;0;0;0
547;139;29122;0;280331,0784;0;0;0;0
545;143;28786;0;280332,6169;0;0;0;0
544;147;28474;0;280341,5702;0;0;0;0
543;151;28174;0;280343,1043;0;0;0;0
542;156;27874;0;280353,4131;0;0;0;0
542;160;27582;0;280354,3257;0;0;0;0
541;165;27270;0;280354,9582;0;0;0;0
541;171;26934;0;280361,4526;0;0;0;0
540;176;26466;0;280368,7767;0;0;0;0
540;182;25634;0;280370,0976;0;0;0;0
541;188;24706;0;280376,7776;0;0;0;0
542;193;23742;0;280383,7707;0;0;0;0
543;197;22762;0;280391,0057;0;0;0;0
545;200;21621;0;280391,9031;0;0;0;0
547;203;20393;0;280398,1937;0;0;0;0
549;205;18749;0;280399,179;0;0;0;0
552;206;16753;0;280405,3773;0;0;0;0
555;206;14337;0;280412,3445;0;0;0;0
559;206;12325;0;280418,8136;0;0;0;0
562;206;9060;0;280419,7569;0;0;0;0
566;206;4452;0;280426,0832;0;0;0;0
569;206;52;0;280432,9488;0;0;0;0
569;206;0;0;280434,1668;0;0;0;0
574;206;0;0;280440,193;0;0;0;0
578;206;0;48;280441,3619;0;0;0;0
582;207;0;96;280445,5183;0;0;0;0
586;208;0;148;280449,3785;0;0;0;0
591;209;0;172;280455,4447;0;0;0;0
596;210;0;196;280458,9324;0;0;0;0
600;212;0;248;280465,6015;0;0;0;0
604;213;0;272;280469,3486;0;0;0;0
608;215;0;320;280475,2209;0;0;0;0
612;217;0;349;280479,4272;0;0;0;0
616;219;0;373;280483,14;0;0;0;0
619;221;0;397;280489,4414;0;0;0;0
622;223;0;421;280495,4434;0;0;0;0
624;224;0;445;280499,4132;0;0;0;0
625;225;0;473;280505,4545;0;0;0;0
627;227;0;497;280509,7354;0;0;0;0
628;228;0;497;280513,3336;0;0;0;0
629;230;0;521;280519,4001;0;0;0;0
629;233;0;521;280523,4041;0;0;0;0
629;237;0;521;280529,5371;0;0;0;0
629;241;0;521;280533,4302;0;0;0;0
629;245;0;521;280539,8301;0;0;0;0
630;248;0;521;280543,3842;0;0;0;0
630;253;0;545;280549,4412;0;0;0;0
630;257;0;545;280553,7719;0;0;0;0
630;262;0;573;280559,7282;0;0;0;0
630;267;0;573;280563,7821;0;0;0;0
631;273;0;573;280569,7467;0;0;0;0
631;277;0;573;280573,6113;0;0;0;0
632;282;0;573;280579,5664;0;0;0;0
633;286;0;545;280583,8149;0;0;0;0
635;289;0;497;280589,7843;0;0;0;0
636;291;0;421;280593,4157;0;0;0;0
638;293;0;349;280599,531;0;0;0;0
638;294;0;220;280603,3999;0;0;0;0
639;295;0;124;280609,764;0;0;0;0
640;296;0;48;280613,2527;0;0;0;0
641;297;0;0;280619,639;0;0;0;0
642;297;0;0;280623,33;0;0;0;0
643;297;15117;0;280629,7622;0;0;0;0
643;297;19029;0;280637,9379;0;0;0;0
643;297;19029;0;280639,2389;0;0;0;0
642;293;18917;0;280648,8028;0;0;0;0
641;291;18349;0;280650,1457;0;0;0;0
641;288;18073;0;280659,3311;0;0;0;0
640;286;18073;0;280660,6717;0;0;0;0
640;283;18341;0;280670,2323;0;0;0;0
639;280;19021;0;280671,597;0;0;0;0
638;277;19853;0;280681,9147;0;0;0;0
637;275;20589;0;280683,4192;0;0;0;0
636;273;21209;0;280684,6319;0;0;0;0
636;271;21537;0;280694,1568;0;0;0;0
635;269;21769;0;280695,5632;0;0;0;0
635;269;21962;0;280705,1889;0;0;0;0
635;268;22206;0;280706,805;0;0;0;0
635;268;22474;0;280717,6253;0;0;0;0
635;268;22858;0;280719,1998;0;0;0;0
635;268;23366;0;280720,7005;0;0;0;0
635;268;23898;0;280730,0561;0;0;0;0
635;268;24466;0;280732,0343;0;0;0;0
635;269;25118;0;280733,3767;0;0;0;0
634;271;25646;0;280742,5998;0;0;0;0
633;274;25646;0;280743,852;0;0;0;0
633;279;25418;0;280753,9082;0;0;0;0
632;284;25190;0;280755,3449;0;0;0;0
632;290;25094;0;280765,2325;0;0;0;0
632;295;25094;0;280766,3833;0;0;0;0
633;301;25134;0;280775,1639;0;0;0;0
634;306;25146;0;280776,4199;0;0;0;0
635;312;25154;0;280786,3875;0;0;0;0
636;316;25162;0;280787,5532;0;0;0;0
638;320;25162;0;280796,8409;0;0;0;0
640;324;25158;0;280799,0854;0;0;0;0
642;327;25050;0;280800,3607;0;0;0;0
644;329;24918;0;280809,412;0;0;0;0
645;331;24846;0;280810,9428;0;0;0;0
647;333;24834;0;280821,0569;0;0;0;0
648;334;24758;0;280822,4661;0;0;0;0
648;334;24626;0;280823,7997;0;0;0;0
649;335;24494;0;280834,0332;0;0;0;0
650;335;24314;0;280835,1435;0;0;0;0
651;335;23866;0;280844,2341;0;0;0;0
653;336;23034;0;280845,7088;0;0;0;0
654;336;21882;0;280855,0977;0;0;0;0
656;335;20629;0;280856,2928;0;0;0;0
657;335;19197;0;280864,7042;0;0;0;0
658;334;17209;0;280866,2135;0;0;0;0
660;334;14773;0;280874,5313;0;0;0;0
661;333;12481;0;280875,7505;0;0;0;0
663;333;10100;0;280885,3066;0;0;0;0
664;333;7092;0;280886,8416;0;0;0;0
664;333;3188;0;280895,2689;0;0;0;0
665;333;564;0;280896,6562;0;0;0;0
665;333;0;0;280905,5219;0;0;0;0
666;333;0;0;280906,9226;0;0;0;0
666;333;0;0;280909,2955;0;0;0;0
667;333;788;0;280913,3538;0;0;0;0
667;333;1832;0;280923,5019;0;0;0;0
667;333;3968;0;280924,728;0;0;0;0
667;333;9460;0;280933,582;0;0;0;0
667;333;12305;0;280934,7529;0;0;0;0
667;333;13849;0;280943,3704;0;0;0;0
667;333;14853;0;280945,0696;0;0;0;0
667;333;15417;0;280954,3952;0;0;0;0
665;329;16021;0;280955,8881;0;0;0;0
664;325;17089;0;280965,1768;0;0;0;0
662;320;18549;0;280966,7802;0;0;0;0
660;313;20009;0;280975,2764;0;0;0;0
658;307;21361;0;280976,8746;0;0;0;0
657;301;22518;0;280986,513;0;0;0;0
655;295;23498;0;280987,8803;0;0;0;0
654;290;24306;0;280997,1047;0;0;0;0
653;284;25006;0;280999,0336;0;0;0;0
653;280;25582;0;281000,2816;0;0;0;0
653;275;25982;0;281008,6025;0;0;0;0
653;272;26270;0;281009,9466;0;0;0;0
654;269;26486;0;281019,9271;0;0;0;0
655;267;26678;0;281021,2247;0;0;0;0
656;265;26774;0;281030,4027;0;0;0;0
658;264;26778;0;281032,0335;0;0;0;0
660;264;26778;0;281033,2998;0;0;0;0
662;264;26682;0;281041,8753;0;0;0;0
665;264;26502;0;281051,5637;0;0;0;0
667;266;26286;0;281052,9281;0;0;0;0
670;268;26022;0;281054,276;0;0;0;0
673;272;25742;0;281062,9832;0;0;0;0
676;275;25442;0;281064,9342;0;0;0;0
679;279;25142;0;281073,3574;0;0;0;0
681;284;24766;0;281074,6876;0;0;0;0
684;289;24358;0;281085,6757;0;0;0;0
686;293;23922;0;281087,1417;0;0;0;0
687;298;23718;0;281095,6131;0;0;0;0
689;302;23718;0;281097,2503;0;0;0;0
689;305;23730;0;281106,2469;0;0;0;0
690;307;23922;0;281107,4025;0;0;0;0
690;308;24418;0;281117,5941;0;0;0;0
690;308;24998;0;281118,9203;0;0;0;0
690;308;25574;0;281120,0636;0;0;0;0
690;308;26082;0;281128,8634;0;0;0;0
690;308;26358;0;281130,5925;0;0;0;0
690;308;26514;0;281139,2169;0;0;0;0
690;306;26598;0;281141,139;0;0;0;0
688;302;26682;0;281151,1616;0;0;0;0
687;297;26790;0;281152,5344;0;0;0;0
685;291;27018;0;281160,752;0;0;0;0
683;285;27174;0;281161,9986;0;0;0;0
682;280;27258;0;281163,5179;0;0;0;0
681;275;27310;0;281172,2362;0;0;0;0
680;270;27310;0;281173,401;0;0;0;0
680;266;27238;0;281183,1958;0;0;0;0
680;263;27166;0;281184,4537;0;0;0;0
681;260;26974;0;281190,7389;0;0;0;0
682;258;26662;0;281197,3557;0;0;0;0
683;256;26182;0;281198,5762;0;0;0;0
684;255;25494;0;281205,2034;0;0;0;0
686;255;24410;0;281212,0077;0;0;0;0
687;256;22538;0;281218,8945;0;0;0;0
688;258;19909;0;281220,1829;0;0;0;0
689;262;15489;0;281227,2111;0;0;0;0
689;265;10412;0;281228,2821;0;0;0;0
689;268;336;0;281229,146;0;0;0;0
689;268;0;0;281235,302;0;0;0;0
686;276;0;48;281237,2195;0;0;0;0
684;282;0;124;281243,095;0;0;0;0
680;289;0;176;281247,5884;0;0;0;0
677;297;0;228;281253,6102;0;0;0;0
673;304;0;280;281257,5246;0;0;0;0
670;312;0;304;281263,5083;0;0;0;0
667;320;0;357;281267,249;0;0;0;0
664;328;0;381;281273,4778;0;0;0;0
662;335;0;381;281277,2877;0;0;0;0
661;340;0;381;281283,6008;0;0;0;0
660;344;0;328;281287,2607;0;0;0;0
659;347;0;252;281293,6153;0;0;0;0
659;349;0;124;281297,1224;0;0;0;0
658;350;0;24;281303,4776;0;0;0;0
658;351;0;0;281307,1631;0;0;0;0
658;353;0;0;281313,7469;0;0;0;0
658;354;20573;0;281317,3186;0;0;0;0
658;354;26150;0;281324,071;0;0;0;0
658;354;27326;0;281332,6584;0;0;0;0
658;354;27326;0;281333,6489;0;0;0;0
662;357;27014;0;281339,8497;0;0;0;0
666;357;26606;0;281346,4638;0;0;0;0
672;358;26402;0;281347,687;0;0;0;0
678;358;26342;0;281354,1212;0;0;0;0
684;358;26330;0;281360,316;0;0;0;0
689;357;26174;0;281367,0477;0;0;0;0
695;356;25898;0;281368,1572;0;0;0;0
700;354;25078;0;281374,6185;0;0;0;0
705;352;23558;0;281380,9323;0;0;0;0
711;350;20717;0;281387,5836;0;0;0;0
715;349;14517;0;281388,5654;0;0;0;0
718;348;5232;0;281389,3086;0;0;0;0
718;348;0;0;281395,3992;0;0;0;0
724;348;0;76;281397,1698;0;0;0;0
728;348;0;180;281403,381;0;0;0;0
731;349;0;284;281407,1856;0;0;0;0
735;350;0;393;281413,4866;0;0;0;0
738;351;0;497;281417,0419;0;0;0;0
741;352;0;573;281423,3141;0;0;0;0
744;352;0;682;281427,4395;0;0;0;0
748;353;0;758;281433,8584;0;0;0;0
752;354;0;786;281437,7424;0;0;0;0
757;355;0;810;281443,7435;0;0;0;0
761;356;0;810;281447,3483;0;0;0;0
765;357;0;810;281453,7531;0;0;0;0
769;358;0;838;281457,2838;0;0;0;0
772;358;0;862;281463,5882;0;0;0;0
774;358;0;890;281467,6189;0;0;0;0
776;358;0;914;281473,7535;0;0;0;0
777;358;0;942;281477,3371;0;0;0;0
777;358;0;966;281483,807;0;0;0;0
776;358;0;994;281487,751;0;0;0;0
776;358;0;994;281493,946;0;0;0;0
775;358;0;1023;281497,6502;0;0;0;0
775;358;0;1023;281503,8953;0;0;0;0
777;358;0;1023;281507,3534;0;0;0;0
777;357;0;1023;281513,6082;0;0;0;0
777;355;0;1023;281517,3998;0;0;0;0
775;352;0;1023;281523,6255;0;0;0;0
772;348;0;1023;281527,438;0;0;0;0
768;343;0;1023;281533,8712;0;0;0;0
762;337;0;1023;281537,3094;0;0;0;0
756;330;0;1023;281544,0138;0;0;0;0
751;323;0;1023;281547,441;0;0;0;0
747;317;0;1023;281553,7659;0;0;0;0
744;313;0;1023;281557,4429;0;0;0;0
741;311;0;1023;281563,7669;0;0;0;0
739;309;0;1023;281567,5398;0;0;0;0
737;307;0;994;281573,8575;0;0;0;0
736;307;0;994;281577,6642;0;0;0;0
736;308;0;966;281583,9332;0;0;0;0
736;308;0;914;281587,4552;0;0;0;0
734;306;0;862;281593,7688;0;0;0;0
733;304;0;786;281597,408;0;0;0;0
731;303;0;682;281603,6022;0;0;0;0
730;302;0;573;281607,5747;0;0;0;0
730;300;0;469;281613,7111;0;0;0;0
730;299;0;365;281617,5385;0;0;0;0
729;298;0;284;281623,5885;0;0;0;0
729;297;0;284;281627,5396;0;0;0;0
729;297;0;312;281633,5406;0;0;0;0
728;297;0;393;281637,7672;0;0;0;0
726;297;0;469;281643,6303;0;0;0;0
725;297;0;573;281647,6781;0;0;0;0
723;297;0;653;281653,8265;0;0;0;0
722;297;0;706;281657,5723;0;0;0;0
720;297;0;758;281663,7303;0;0;0;0
719;298;0;810;281667,5212;0;0;0;0
717;298;0;810;281673,7483;0;0;0;0
716;299;0;810;281677,4301;0;0;0;0
715;299;0;810;281683,7668;0;0;0;0
715;299;0;786;281687,5245;0;0;0;0
715;300;0;758;281693,7698;0;0;0;0
715;301;0;706;281697,6721;0;0;0;0
715;302;0;653;281703,7944;0;0;0;0
715;303;0;601;281707,6938;0;0;0;0
715;304;0;521;281714,0116;0;0;0;0
717;306;0;417;281717,5572;0;0;0;0
720;307;0;341;281723,5161;0;0;0;0
721;309;0;232;281727,6217;0;0;0;0
722;312;0;156;281733,8837;0;0;0;0
723;313;0;76;281737,5895;0;0;0;0
724;315;0;0;281743,8341;0;0;0;0
725;316;0;0;281747,6408;0;0;0;0
725;317;0;0;281753,8072;0;0;0;0
725;318;0;0;281757,7176;0;0;0;0
724;319;0;0;281763,7701;0;0;0;0
723;319;13521;0;281767,6225;0;0;0;0
723;319;16713;0;281776,3932;0;0;0;0
723;319;16713;0;281780,7932;0;0;0;0
718;314;16565;0;281790,3073;0;0;0;0
717;312;16097;0;281791,6178;0;0;0;0
716;308;16097;0;281801,2755;0;0;0;0
715;304;16593;0;281802,8358;0;0;0;0
714;299;17377;0;281804,1166;0;0;0;0
713;295;18393;0;281813,2667;0;0;0;0
712;290;19501;0;281815,3785;0;0;0;0
711;285;20369;0;281824,5341;0;0;0;0
711;281;21025;0;281826,1995;0;0;0;0
710;278;21573;0;281827,8052;0;0;0;0
710;274;21926;0;281837,2593;0;0;0;0
710;272;22206;0;281838,6026;0;0;0;0
710;270;22522;0;281847,5462;0;0;0;0
710;268;22774;0;281848,9623;0;0;0;0
710;267;22958;0;281859,2817;0;0;0;0
710;267;23054;0;281860,7827;0;0;0;0
710;267;23066;0;281871,1604;0;0;0;0
710;266;23114;0;281872,6044;0;0;0;0
710;266;23174;0;281873,8787;0;0;0;0
710;266;23258;0;281883,5569;0;0;0;0
710;266;23282;0;281884,9048;0;0;0;0
710;266;23282;0;281895,0272;0;0;0;0
711;267;23102;0;281897,0939;0;0;0;0
711;269;22858;0;281898,8313;0;0;0;0
713;272;22666;0;281908,2319;0;0;0;0
715;277;22498;0;281909,7939;0;0;0;0
717;282;22206;0;281919,5803;0;0;0;0
720;288;21902;0;281921,1186;0;0;0;0
722;294;21693;0;281931,2825;0;0;0;0
725;299;21489;0;281932,6986;0;0;0;0
728;304;21281;0;281933,9198;0;0;0;0
730;307;20989;0;281943,9584;0;0;0;0
732;309;20833;0;281945,7848;0;0;0;0
734;311;20805;0;281955,9036;0;0;0;0
735;311;20805;0;281957,6348;0;0;0;0
735;311;20805;0;281959,1748;0;0;0;0
736;311;20745;0;281968,9606;0;0;0;0
736;310;20513;0;281970,3675;0;0;0;0
737;307;20513;0;281971,5863;0;0;0;0
737;303;20805;0;281981,4665;0;0;0;0
738;298;21381;0;281982,785;0;0;0;0
738;292;21926;0;281992,3363;0;0;0;0
738;287;22290;0;281993,5761;0;0;0;0
737;282;22450;0;282003,3167;0;0;0;0
737;277;22630;0;282004,6601;0;0;0;0
737;273;22690;0;282014,6857;0;0;0;0
737;269;22702;0;282016,0445;0;0;0;0
737;266;22886;0;282026,0013;0;0;0;0
737;263;23018;0;282027,3141;0;0;0;0
738;261;23130;0;282028,5084;0;0;0;0
739;260;23130;0;282038,8457;0;0;0;0
739;258;23046;0;282040,1086;0;0;0;0
741;258;22826;0;282041,3965;0;0;0;0
742;257;22366;0;282051,1751;0;0;0;0
743;257;21882;0;282052,9365;0;0;0;0
745;257;21541;0;282062,9349;0;0;0;0
747;258;21201;0;282064,799;0;0;0;0
748;260;20837;0;282073,4465;0;0;0;0
750;262;20505;0;282074,927;0;0;0;0
752;265;20273;0;282083,8624;0;0;0;0
754;269;19981;0;282085,3105;0;0;0;0
757;273;19541;0;282094,1483;0;0;0;0
759;278;19149;0;282095,626;0;0;0;0
761;283;18705;0;282104,8581;0;0;0;0
764;290;18001;0;282106,1884;0;0;0;0
766;298;16973;0;282107,3095;0;0;0;0
769;307;15717;0;282116,62;0;0;0;0
772;316;14441;0;282118,0881;0;0;0;0
774;327;12841;0;282126,9618;0;0;0;0
777;338;10616;0;282128,4107;0;0;0;0
779;348;7548;0;282137,6096;0;0;0;0
781;358;5456;0;282138,9453;0;0;0;0
783;367;5456;0;282147,4863;0;0;0;0
784;375;8444;0;282148,9874;0;0;0;0
784;380;12733;0;282158,1402;0;0;0;0
784;385;14869;0;282159,7862;0;0;0;0
784;388;16481;0;282168,9725;0;0;0;0
784;389;17613;0;282170,3489;0;0;0;0
784;390;18577;0;282171,5219;0;0;0;0
783;391;19401;0;282180,7964;0;0;0;0
783;391;20345;0;282182,1296;0;0;0;0
783;391;21465;0;282191,0872;0;0;0;0
782;390;21854;0;282192,9654;0;0;0;0
781;388;21854;0;282202,1792;0;0;0;0
780;384;21757;0;282203,4086;0;0;0;0
778;379;21757;0;282212,3583;0;0;0;0
776;372;22206;0;282214,2273;0;0;0;0
773;364;22702;0;282223,0749;0;0;0;0
771;356;23186;0;282224,342;0;0;0;0
769;347;23658;0;282233,8524;0;0;0;0
768;339;24118;0;282235,2286;0;0;0;0
766;330;24562;0;282244,1598;0;0;0;0
765;322;24962;0;282245,6314;0;0;0;0
763;314;25274;0;282247,9101;0;0;0;0
762;305;25574;0;282256,9839;0;0;0;0
761;298;25706;0;282258,8261;0;0;0;0
761;291;25790;0;282268,4545;0;0;0;0
760;286;25878;0;282269,7479;0;0;0;0
760;281;25878;0;282278,6447;0;0;0;0
760;278;25874;0;282280,6155;0;0;0;0
760;275;25858;0;282281,9543;0;0;0;0
761;274;25850;0;282291,3209;0;0;0;0
761;273;25790;0;282292,6818;0;0;0;0
761;273;25694;0;282301,8717;0;0;0;0
762;273;25502;0;282303,6049;0;0;0;0
762;273;25322;0;282312,3087;0;0;0;0
764;273;25154;0;282314,2609;0;0;0;0
767;275;25022;0;282323,7763;0;0;0;0
770;277;24902;0;282325,3952;0;0;0;0
773;280;24730;0;282334,7771;0;0;0;0
777;283;24478;0;282336,6902;0;0;0;0
781;287;24130;0;282338,1732;0;0;0;0
785;290;23802;0;282347,3029;0;0;0;0
789;292;23634;0;282348,6187;0;0;0;0
792;293;23430;0;282358,0138;0;0;0;0
795;294;23294;0;282359,3702;0;0;0;0
797;294;23162;0;282367,3017;0;0;0;0
801;290;22870;0;282374,6946;0;0;0;0
802;287;22846;0;282382,0119;0;0;0;0
803;284;22846;0;282383,171;0;0;0;0
804;279;23162;0;282389,7257;0;0;0;0
804;274;23514;0;282396,8378;0;0;0;0
804;268;23814;0;282398,2963;0;0;0;0
803;262;24046;0;282405,7659;0;0;0;0
802;256;24214;0;282407,7517;0;0;0;0
800;250;24334;0;282414,4878;0;0;0;0
797;245;24466;0;282420,7909;0;0;0;0
794;240;24658;0;282421,8748;0;0;0;0
790;235;24998;0;282428,6631;0;0;0;0
786;230;25406;0;282435,4744;0;0;0;0
781;227;25766;0;282442,7718;0;0;0;0
776;224;26046;0;282444,0982;0;0;0;0
772;221;26334;0;282451,3557;0;0;0;0
767;220;26790;0;282452,3748;0;0;0;0
762;219;27222;0;282458,7569;0;0;0;0
758;219;27594;0;282466,1668;0;0;0;0
754;220;27814;0;282467,5502;0;0;0;0
751;222;27994;0;282474,3268;0;0;0;0
749;224;28034;0;282481,1799;0;0;0;0
747;226;28034;0;282482,0861;0;0;0;0
746;230;27902;0;282488,3151;0;0;0;0
745;234;27574;0;282495,8319;0;0;0;0
745;239;27154;0;282502,2808;0;0;0;0
746;245;26542;0;282503,4635;0;0;0;0
747;252;25626;0;282509,8905;0;0;0;0
749;259;24374;0;282516,9079;0;0;0;0
752;267;22670;0;282517,9323;0;0;0;0
755;273;20285;0;282524,3011;0;0;0;0
759;279;15881;0;282531,1169;0;0;0;0
762;284;11941;0;282532,0103;0;0;0;0
766;288;6808;0;282538,7038;0;0;0;0
768;291;1956;0;282545,6034;0;0;0;0
771;292;28;0;282547,0675;0;0;0;0
771;292;0;0;282548,0297;0;0;0;0
774;294;0;20;282554,2406;0;0;0;0
777;295;0;68;282557,3258;0;0;0;0
778;295;0;116;282561,6625;0;0;0;0
780;295;0;164;282567,705;0;0;0;0
781;295;0;236;282571,3548;0;0;0;0
783;295;0;284;282577,7035;0;0;0;0
784;295;0;332;282581,7332;0;0;0;0
786;294;0;377;282587,5299;0;0;0;0
788;293;0;425;282591,6564;0;0;0;0
790;291;0;449;282597,6709;0;0;0;0
792;290;0;497;282601,4447;0;0;0;0
794;289;0;521;282607,4438;0;0;0;0
796;287;0;521;282611,1572;0;0;0;0
798;285;0;521;282617,4151;0;0;0;0
799;284;0;497;282621,7351;0;0;0;0
800;282;0;449;282627,6753;0;0;0;0
802;279;0;401;282631,3497;0;0;0;0
803;275;0;332;282637,37;0;0;0;0
804;271;0;236;282641,2277;0;0;0;0
804;268;0;140;282647,6841;0;0;0;0
805;265;0;68;282651,204;0;0;0;0
805;263;0;20;282655,548;0;0;0;0
805;262;0;0;282661,4378;0;0;0;0
805;261;0;0;282667,6092;0;0;0;0
805;261;13525;0;282671,1609;0;0;0;0
805;261;16013;0;282677,9991;0;0;0;0
805;261;16013;0;282684,2926;0;0;0;0
805;261;15849;0;282685,8216;0;0;0;0
805;261;15685;0;282693,5393;0;0;0;0
809;258;15685;0;282700,371;0;0;0;0
811;258;15985;0;282701,9839;0;0;0;0
813;260;16689;0;282709,3384;0;0;0;0
815;261;17621;0;282716,5129;0;0;0;0
818;264;18473;0;282717,4638;0;0;0;0
820;266;19053;0;282724,3653;0;0;0;0
823;269;19337;0;282725,3515;0;0;0;0
827;272;19445;0;282732,5332;0;0;0;0
830;275;19497;0;282739,6138;0;0;0;0
833;278;19545;0;282746,4687;0;0;0;0
835;281;19629;0;282747,5694;0;0;0;0
838;284;19753;0;282754,4026;0;0;0;0
839;286;19825;0;282755,4309;0;0;0;0
841;288;19925;0;282762,2415;0;0;0;0
841;289;20145;0;282769,2119;0;0;0;0
841;290;20449;0;282776,0691;0;0;0;0
841;290;21021;0;282777,0755;0;0;0;0
841;291;22094;0;282784,2345;0;0;0;0
839;291;23194;0;282785,7995;0;0;0;0
837;290;23690;0;282792,6898;0;0;0;0
833;289;23882;0;282799,617;0;0;0;0
829;286;24006;0;282807,0074;0;0;0;0
824;283;24126;0;282807,9328;0;0;0;0
820;279;24210;0;282814,9858;0;0;0;0
816;275;24258;0;282816,0089;0;0;0;0
812;271;24414;0;282822,3509;0;0;0;0
809;267;24702;0;282829,8182;0;0;0;0
807;262;25066;0;282836,4994;0;0;0;0
805;258;25498;0;282837,6688;0;0;0;0
804;254;25946;0;282844,0984;0;0;0;0
803;250;26294;0;282845,4761;0;0;0;0
803;246;26486;0;282852,1397;0;0;0;0
804;243;26534;0;282859,2965;0;0;0;0
805;239;26534;0;282866,1866;0;0;0;0
808;236;26418;0;282867,2715;0;0;0;0
811;233;26250;0;282874,5909;0;0;0;0
814;231;25850;0;282875,6255;0;0;0;0
818;229;25226;0;282882,7992;0;0;0;0
823;228;24490;0;282889,7315;0;0;0;0
828;228;23550;0;282898,1708;0;0;0;0
833;228;22254;0;282899,226;0;0;0;0
838;229;20417;0;282906,7085;0;0;0;0
843;231;17885;0;282907,9639;0;0;0;0
848;233;15121;0;282915,1392;0;0;0;0
852;236;12553;0;282916,4013;0;0;0;0
856;240;7736;0;282924,0107;0;0;0;0
859;243;2784;0;282925,0893;0;0;0;0
859;243;0;0;282926,6148;0;0;0;0
863;249;0;0;282933,696;0;0;0;0
865;252;0;24;282935,382;0;0;0;0
867;257;0;48;282941,6865;0;0;0;0
869;262;0;72;282945,5181;0;0;0;0
871;268;0;96;282951,7485;0;0;0;0
873;273;0;72;282955,1991;0;0;0;0
874;278;0;72;282961,6921;0;0;0;0
875;281;0;48;282965,3455;0;0;0;0
875;283;0;24;282971,6201;0;0;0;0
875;284;0;0;282975,313;0;0;0;0
874;285;14813;0;282981,809;0;0;0;0
874;285;19521;0;282988,474;0;0;0;0
870;286;20497;0;282996,0373;0;0;0;0
868;285;20621;0;282997,4182;0;0;0;0
865;283;20669;0;283004,1805;0;0;0;0
862;280;20889;0;283005,644;0;0;0;0
859;277;21193;0;283012,7278;0;0;0;0
855;272;21485;0;283020,1179;0;0;0;0
852;267;21958;0;283021,3672;0;0;0;0
848;262;22686;0;283028,8931;0;0;0;0
845;256;23278;0;283036,5099;0;0;0;0
842;250;23666;0;283037,3579;0;0;0;0
840;244;24018;0;283043,6496;0;0;0;0
838;239;24522;0;283050,3928;0;0;0;0
836;234;25042;0;283052,0403;0;0;0;0
835;230;25414;0;283058,5827;0;0;0;0
835;227;25702;0;283065,0177;0;0;0;0
836;224;25910;0;283066,2848;0;0;0;0
837;221;26030;0;283073,3285;0;0;0;0
839;219;26102;0;283079,8257;0;0;0;0
841;217;26150;0;283085,9809;0;0;0;0
844;216;26150;0;283087,117;0;0;0;0
847;215;26150;0;283094,4442;0;0;0;0
850;215;26078;0;283096,7977;0;0;0;0
854;215;26030;0;283103,1608;0;0;0;0
858;216;25958;0;283109,3645;0;0;0;0
862;218;25846;0;283117,0835;0;0;0;0
867;220;25690;0;283118,331;0;0;0;0
871;223;25534;0;283125,3238;0;0;0;0
875;226;25354;0;283126,5629;0;0;0;0
879;230;25198;0;283133,5048;0;0;0;0
883;234;25030;0;283140,2043;0;0;0;0
887;239;24934;0;283141,1037;0;0;0;0
891;245;24874;0;283147,438;0;0;0;0
896;252;24802;0;283153,8903;0;0;0;0
900;260;24738;0;283160,86;0;0;0;0
904;269;24534;0;283162,4101;0;0;0;0
909;279;24186;0;283168,6641;0;0;0;0
914;290;23810;0;283174,9154;0;0;0;0
918;303;23386;0;283175,8165;0;0;0;0
923;316;22794;0;283182,4375;0;0;0;0
927;331;22226;0;283188,62;0;0;0;0
931;346;21641;0;283194,7849;0;0;0;0
935;360;21085;0;283196,1127;0;0;0;0
939;374;21085;0;283202,8128;0;0;0;0
942;385;21193;0;283208,9954;0;0;0;0
944;394;21533;0;283215,4303;0;0;0;0
946;401;22030;0;283216,3599;0;0;0;0
946;406;23002;0;283222,9108;0;0;0;0
946;410;24078;0;283229,5766;0;0;0;0
945;412;24958;0;283236,2333;0;0;0;0
944;414;25294;0;283237,1108;0;0;0;0
942;415;25294;0;283244,1818;0;0;0;0
941;415;25098;0;283245,5706;0;0;0;0
938;415;24858;0;283252,251;0;0;0;0
936;414;24602;0;283259,9456;0;0;0;0
933;412;24482;0;283266,9594;0;0;0;0
930;408;24482;0;283270,6971;0;0;0;0
928;404;24614;0;283271,5904;0;0;0;0
925;398;25026;0;283278,1312;0;0;0;0
922;390;25398;0;283285,2718;0;0;0;0
920;382;25578;0;283286,3711;0;0;0;0
917;372;25746;0;283292,6269;0;0;0;0
916;361;25870;0;283299,3312;0;0;0;0
914;350;25966;0;283305,928;0;0;0;0
913;339;26086;0;283306,8647;0;0;0;0
913;328;26266;0;283313,6163;0;0;0;0
912;317;26434;0;283320,1149;0;0;0;0
912;305;26602;0;283326,6403;0;0;0;0
912;294;26842;0;283327,6347;0;0;0;0
912;284;27046;0;283333,7925;0;0;0;0
911;274;27178;0;283340,1704;0;0;0;0
911;264;27190;0;283341,1716;0;0;0;0
910;255;27194;0;283348,0323;0;0;0;0
909;246;27290;0;283354,2835;0;0;0;0
907;237;27386;0;283355,2811;0;0;0;0
905;229;27434;0;283361,5934;0;0;0;0
903;222;27446;0;283368,0351;0;0;0;0
901;216;27530;0;283374,2263;0;0;0;0
899;211;27530;0;283375,2248;0;0;0;0
897;206;27534;0;283382,2904;0;0;0;0
895;203;27558;0;283389,2267;0;0;0;0
894;200;27606;0;283395,5132;0;0;0;0
893;199;27618;0;283396,3981;0;0;0;0
893;198;27670;0;283402,7114;0;0;0;0
892;198;27678;0;283409,0484;0;0;0;0
892;198;27678;0;283415,3223;0;0;0;0
892;198;27738;0;283416,3024;0;0;0;0
893;199;27738;0;283422,663;0;0;0;0
893;201;27642;0;283429,6099;0;0;0;0
894;205;27282;0;283430,7929;0;0;0;0
896;211;26838;0;283437,0316;0;0;0;0
898;217;26550;0;283444,2693;0;0;0;0
901;223;26406;0;283445,6843;0;0;0;0
903;229;26358;0;283452,0318;0;0;0;0
906;235;26310;0;283458,3351;0;0;0;0
909;241;26230;0;283459,1717;0;0;0;0
912;246;26226;0;283465,7577;0;0;0;0
916;252;26218;0;283472,0651;0;0;0;0
919;257;26110;0;283478,5335;0;0;0;0
923;263;25966;0;283479,8222;0;0;0;0
927;268;25650;0;283486,3661;0;0;0;0
931;272;25458;0;283492,7959;0;0;0;0
934;276;25302;0;283499,6113;0;0;0;0
937;279;25194;0;283500,5758;0;0;0;0
940;281;25194;0;283507,0365;0;0;0;0
942;282;25198;0;283513,5492;0;0;0;0
943;282;25202;0;283520,1976;0;0;0;0
943;283;25202;0;283521,1465;0;0;0;0
944;283;25194;0;283527,6188;0;0;0;0
944;282;25098;0;283535,0799;0;0;0;0
944;280;25098;0;283536,3514;0;0;0;0
944;277;25242;0;283542,7608;0;0;0;0
944;272;25662;0;283549,5898;0;0;0;0
943;267;26218;0;283550,5523;0;0;0;0
941;260;26566;0;283557,1047;0;0;0;0
938;254;26806;0;283563,986;0;0;0;0
935;248;26902;0;283565,1208;0;0;0;0
931;243;26974;0;283572,1058;0;0;0;0
927;237;26982;0;283578,7683;0;0;0;0
923;233;27042;0;283579,8915;0;0;0;0
920;228;27046;0;283586,3393;0;0;0;0
917;225;27118;0;283593,4368;0;0;0;0
915;222;27406;0;283600,4918;0;0;0;0
914;219;27682;0;283601,8523;0;0;0;0
914;216;27914;0;283609,1114;0;0;0;0
914;213;28238;0;283610,1156;0;0;0;0
916;210;28502;0;283617,3061;0;0;0;0
918;207;28682;0;283623,7506;0;0;0;0
934;196;29282;0;283638,3061;0;0;0;0
943;193;29334;0;283639,3194;0;0;0;0
953;189;29342;0;283645,9506;0;0;0;0
965;186;29418;0;283652,7289;0;0;0;0
977;182;29418;0;283659,5582;0;0;0;0
991;179;29118;0;283660,5712;0;0;0;0
1005;176;28266;0;283667,256;0;0;0;0
1018;173;26654;0;283674,0619;0;0;0;0
1028;171;21906;0;283675,3531;0;0;0;0
1037;170;8008;0;283676,5361;0;0;0;0
1037;170;0;0;283683,551;0;0;0;0
1051;170;0;164;283685,342;0;0;0;0
1059;171;0;393;283689,279;0;0;0;0
1066;174;0;593;283695,6298;0;0;0;0
1073;177;0;790;283699,2814;0;0;0;0
1079;182;0;922;283705,3776;0;0;0;0
1084;187;0;986;283709,2234;0;0;0;0
1089;193;0;1023;283715,4692;0;0;0;0
1089;193;0;1023;283719,1672;0;0;0;0
